[(0,45): (0,0,0); (45,46): (234,43,136); (46,150): (0,0,0)] - Speed
[(0,49): (0,0,0); (49,50): (144,141,108); (50,150): (0,0,0)] - Speed
[(0,8): (0,0,0); (8,9): (38,2,217); (9,150): (0,0,0)] - Speed
[(0,38): (0,0,0); (38,39): (97,248,181); (39,150): (0,0,0)] - Speed
[(0,55): (0,0,0); (55,56): (219,197,124); (56,150): (0,0,0)] - Speed
[(0,3): (0,0,0); (3,4): (170,6,64); (4,150): (0,0,0)] - Speed
[(0,109): (0,0,0); (109,110): (198,118,83); (110,150): (0,0,0)] - Speed
[(0,12): (0,0,0); (12,13): (112,136,227); (13,150): (0,0,0)] - Speed
[(0,133): (0,0,0); (133,134): (31,164,231); (134,150): (0,0,0)] - Speed
[(0,88): (0,0,0); (88,89): (60,206,115); (89,150): (0,0,0)] - Speed
[(0,53): (0,0,0); (53,54): (181,247,237); (54,150): (0,0,0)] - Speed
[(0,144): (0,0,0); (144,145): (10,107,27); (145,150): (0,0,0)] - Speed
[(0,107): (0,0,0); (107,108): (149,174,93); (108,150): (0,0,0)] - Speed
[(0,105): (0,0,0); (105,106): (157,232,13); (106,150): (0,0,0)] - Speed
[(0,140): (0,0,0); (140,141): (174,235,230); (141,150): (0,0,0)] - Speed
[(0,39): (0,0,0); (39,40): (13,188,220); (40,150): (0,0,0)] - Speed
[(0,128): (0,0,0); (128,129): (236,56,192); (129,150): (0,0,0)] - Speed
[(0,71): (0,0,0); (71,72): (65,150,100); (72,150): (0,0,0)] - Speed
[(0,98): (0,0,0); (98,99): (104,34,254); (99,150): (0,0,0)] - Speed
[(0,23): (0,0,0); (23,24): (225,65,20); (24,150): (0,0,0)] - Speed
[(0,53): (0,0,0); (53,54): (144,158,190); (54,150): (0,0,0)] - Speed
[(0,2): (0,0,0); (2,3): (14,146,36); (3,150): (0,0,0)] - Speed
[(0,68): (0,0,0); (68,69): (92,255,123); (69,150): (0,0,0)] - Speed
[(0,21): (0,0,0); (21,22): (6,137,173); (22,150): (0,0,0)] - Speed
[(0,97): (0,0,0); (97,98): (227,30,30); (98,150): (0,0,0)] - Speed
[(0,132): (0,0,0); (132,133): (69,51,168); (133,150): (0,0,0)] - Speed
[(0,115): (0,0,0); (115,116): (174,162,129); (116,150): (0,0,0)] - Speed
[(0,131): (0,0,0); (131,132): (71,149,180); (132,150): (0,0,0)] - Speed
[(0,23): (0,0,0); (23,24): (145,101,155); (24,150): (0,0,0)] - Speed
[(0,63): (0,0,0); (63,64): (150,83,142); (64,150): (0,0,0)] - Speed
[(0,97): (0,0,0); (97,98): (118,244,166); (98,150): (0,0,0)] - Speed
[(0,96): (0,0,0); (96,97): (209,167,254); (97,150): (0,0,0)] - Speed
[(0,100): (0,0,0); (100,101): (85,243,140); (101,150): (0,0,0)] - Speed
[(0,51): (0,0,0); (51,52): (236,146,177); (52,150): (0,0,0)] - Speed
[(0,24): (0,0,0); (24,25): (144,164,155); (25,150): (0,0,0)] - Speed
[(0,84): (0,0,0); (84,85): (140,198,7); (85,150): (0,0,0)] - Speed
[(0,30): (0,0,0); (30,31): (83,211,92); (31,150): (0,0,0)] - Speed
[(0,51): (0,0,0); (51,52): (73,177,244); (52,150): (0,0,0)] - Speed
[(0,83): (0,0,0); (83,84): (24,231,230); (84,150): (0,0,0)] - Speed
[(0,20): (0,0,0); (20,21): (207,7,145); (21,150): (0,0,0)] - Speed
[(0,14): (0,0,0); (14,15): (179,69,13); (15,150): (0,0,0)] - Speed
[(0,26): (0,0,0); (26,27): (135,187,74); (27,150): (0,0,0)] - Speed
[(0,120): (0,0,0); (120,121): (167,142,58); (121,150): (0,0,0)] - Speed
[(0,138): (0,0,0); (138,139): (60,3,201); (139,150): (0,0,0)] - Speed
[(0,86): (0,0,0); (86,87): (220,67,235); (87,150): (0,0,0)] - Speed
[(0,129): (0,0,0); (129,130): (204,13,247); (130,150): (0,0,0)] - Speed
[(0,87): (0,0,0); (87,88): (108,37,51); (88,150): (0,0,0)] - Speed
[(0,34): (0,0,0); (34,35): (173,201,33); (35,150): (0,0,0)] - Speed
[(0,28): (0,0,0); (28,29): (115,253,209); (29,150): (0,0,0)] - Speed
[(0,20): (0,0,0); (20,21): (25,214,133); (21,150): (0,0,0)] - Speed
[(0,123): (0,0,0); (123,124): (191,241,251); (124,150): (0,0,0)] - Speed
[(0,111): (0,0,0); (111,112): (220,250,216); (112,150): (0,0,0)] - Speed
[(0,144): (0,0,0); (144,145): (173,67,205); (145,150): (0,0,0)] - Speed
[(0,125): (0,0,0); (125,126): (34,231,36); (126,150): (0,0,0)] - Speed
[(0,105): (0,0,0); (105,106): (106,140,26); (106,150): (0,0,0)] - Speed
[(0,8): (0,0,0); (8,9): (119,51,140); (9,150): (0,0,0)] - Speed
[(0,125): (0,0,0); (125,126): (41,117,102); (126,150): (0,0,0)] - Speed
[(0,73): (0,0,0); (73,74): (253,251,253); (74,150): (0,0,0)] - Speed
[(0,99): (0,0,0); (99,100): (169,220,77); (100,150): (0,0,0)] - Speed
[(0,76): (0,0,0); (76,77): (70,211,14); (77,150): (0,0,0)] - Speed
[(0,58): (0,0,0); (58,59): (225,74,87); (59,150): (0,0,0)] - Speed
[(0,9): (0,0,0); (9,10): (38,222,9); (10,150): (0,0,0)] - Speed
[(0,19): (0,0,0); (19,20): (74,55,116); (20,150): (0,0,0)] - Speed
[(0,65): (0,0,0); (65,66): (67,32,81); (66,150): (0,0,0)] - Speed
[(0,74): (0,0,0); (74,75): (73,120,7); (75,150): (0,0,0)] - Speed
[(0,127): (0,0,0); (127,128): (41,34,221); (128,150): (0,0,0)] - Speed
[(0,71): (0,0,0); (71,72): (129,231,78); (72,150): (0,0,0)] - Speed
[(0,16): (0,0,0); (16,17): (183,248,59); (17,150): (0,0,0)] - Speed
[(0,121): (0,0,0); (121,122): (56,3,7); (122,150): (0,0,0)] - Speed
[(0,38): (0,0,0); (38,39): (85,78,33); (39,150): (0,0,0)] - Speed
[(0,62): (0,0,0); (62,63): (35,128,165); (63,150): (0,0,0)] - Speed
[(0,33): (0,0,0); (33,34): (38,137,97); (34,150): (0,0,0)] - Speed
[(0,21): (0,0,0); (21,22): (13,76,212); (22,150): (0,0,0)] - Speed
[(0,82): (0,0,0); (82,83): (46,216,163); (83,150): (0,0,0)] - Speed
[(0,81): (0,0,0); (81,82): (199,91,46); (82,150): (0,0,0)] - Speed
[(0,78): (0,0,0); (78,79): (9,215,185); (79,150): (0,0,0)] - Speed
[(0,13): (0,0,0); (13,14): (2,224,249); (14,150): (0,0,0)] - Speed
[(0,112): (0,0,0); (112,113): (205,208,31); (113,150): (0,0,0)] - Speed
[(0,8): (0,0,0); (8,9): (39,37,129); (9,150): (0,0,0)] - Speed
[(0,43): (0,0,0); (43,44): (209,113,22); (44,150): (0,0,0)] - Speed
[(0,117): (0,0,0); (117,118): (149,175,210); (118,150): (0,0,0)] - Speed
[(0,2): (0,0,0); (2,3): (55,150,37); (3,150): (0,0,0)] - Speed
[(0,113): (0,0,0); (113,114): (117,233,150); (114,150): (0,0,0)] - Speed
[(0,130): (0,0,0); (130,131): (148,123,247); (131,150): (0,0,0)] - Speed
[(0,50): (0,0,0); (50,51): (42,210,4); (51,150): (0,0,0)] - Speed
[(0,71): (0,0,0); (71,72): (48,74,135); (72,150): (0,0,0)] - Speed
[(0,52): (0,0,0); (52,53): (178,185,230); (53,150): (0,0,0)] - Speed
[(0,40): (0,0,0); (40,41): (187,33,157); (41,150): (0,0,0)] - Speed
[(0,140): (0,0,0); (140,141): (246,167,76); (141,150): (0,0,0)] - Speed
[(0,132): (0,0,0); (132,133): (76,6,161); (133,150): (0,0,0)] - Speed
[(0,95): (0,0,0); (95,96): (225,213,142); (96,150): (0,0,0)] - Speed
[(0,107): (0,0,0); (107,108): (60,46,229); (108,150): (0,0,0)] - Speed
[(0,1): (0,0,0); (1,2): (231,111,132); (2,150): (0,0,0)] - Speed
[(0,14): (0,0,0); (14,15): (46,86,69); (15,150): (0,0,0)] - Speed
[(0,144): (0,0,0); (144,145): (114,146,137); (145,150): (0,0,0)] - Speed
[(0,131): (0,0,0); (131,132): (72,30,15); (132,150): (0,0,0)] - Speed
[(0,28): (0,0,0); (28,29): (47,40,153); (29,150): (0,0,0)] - Speed
[(0,128): (0,0,0); (128,129): (139,127,214); (129,150): (0,0,0)] - Speed
[(0,19): (0,0,0); (19,20): (97,240,252); (20,150): (0,0,0)] - Speed
[(0,71): (0,0,0); (71,72): (184,192,187); (72,150): (0,0,0)] - Speed
[(0,80): (0,0,0); (80,81): (28,149,179); (81,150): (0,0,0)] - Speed
[(0,122): (0,0,0); (122,123): (29,208,191); (123,150): (0,0,0)] - Speed
[(0,66): (0,0,0); (66,67): (58,18,249); (67,150): (0,0,0)] - Speed
[(0,109): (0,0,0); (109,110): (38,196,78); (110,150): (0,0,0)] - Speed
[(0,35): (0,0,0); (35,36): (101,52,251); (36,150): (0,0,0)] - Speed
[(0,31): (0,0,0); (31,32): (254,65,213); (32,150): (0,0,0)] - Speed
[(0,81): (0,0,0); (81,82): (123,118,167); (82,150): (0,0,0)] - Speed
[(0,8): (0,0,0); (8,9): (136,182,8); (9,150): (0,0,0)] - Speed
[(0,8): (0,0,0); (8,9): (234,181,237); (9,150): (0,0,0)] - Speed
[(0,93): (0,0,0); (93,94): (237,9,220); (94,150): (0,0,0)] - Speed
[(0,15): (0,0,0); (15,16): (136,103,53); (16,150): (0,0,0)] - Speed
[(0,19): (0,0,0); (19,20): (199,225,234); (20,150): (0,0,0)] - Speed
[(0,69): (0,0,0); (69,70): (109,126,251); (70,150): (0,0,0)] - Speed
[(0,6): (0,0,0); (6,7): (110,227,60); (7,150): (0,0,0)] - Speed
[(0,110): (0,0,0); (110,111): (75,21,255); (111,150): (0,0,0)] - Speed
[(0,32): (0,0,0); (32,33): (37,28,44); (33,150): (0,0,0)] - Speed
[(0,97): (0,0,0); (97,98): (141,207,32); (98,150): (0,0,0)] - Speed
[(0,4): (0,0,0); (4,5): (26,244,71); (5,150): (0,0,0)] - Speed
[(0,31): (0,0,0); (31,32): (83,247,5); (32,150): (0,0,0)] - Speed
[(0,69): (0,0,0); (69,70): (92,185,242); (70,150): (0,0,0)] - Speed
[(0,34): (0,0,0); (34,35): (50,157,171); (35,150): (0,0,0)] - Speed
[(0,48): (0,0,0); (48,49): (145,68,218); (49,150): (0,0,0)] - Speed
[(0,65): (0,0,0); (65,66): (7,8,77); (66,150): (0,0,0)] - Speed
[(0,143): (0,0,0); (143,144): (2,108,176); (144,150): (0,0,0)] - Speed
[(0,3): (0,0,0); (3,4): (155,104,187); (4,150): (0,0,0)] - Speed
[(0,4): (0,0,0); (4,5): (176,75,59); (5,150): (0,0,0)] - Speed
[(0,110): (0,0,0); (110,111): (254,53,22); (111,150): (0,0,0)] - Speed
[(0,124): (0,0,0); (124,125): (157,141,162); (125,150): (0,0,0)] - Speed
[(0,103): (0,0,0); (103,104): (178,202,37); (104,150): (0,0,0)] - Speed
[(0,88): (0,0,0); (88,89): (217,24,248); (89,150): (0,0,0)] - Speed
[(0,143): (0,0,0); (143,144): (164,214,174); (144,150): (0,0,0)] - Speed
[(0,63): (0,0,0); (63,64): (212,11,133); (64,150): (0,0,0)] - Speed
[(0,67): (0,0,0); (67,68): (164,75,91); (68,150): (0,0,0)] - Speed
[(0,84): (0,0,0); (84,85): (65,67,78); (85,150): (0,0,0)] - Speed
[(0,98): (0,0,0); (98,99): (117,39,180); (99,150): (0,0,0)] - Speed
[(0,129): (0,0,0); (129,130): (247,33,63); (130,150): (0,0,0)] - Speed
[(0,76): (0,0,0); (76,77): (31,74,251); (77,150): (0,0,0)] - Speed
[(0,73): (0,0,0); (73,74): (189,234,230); (74,150): (0,0,0)] - Speed
[(0,22): (0,0,0); (22,23): (25,201,40); (23,150): (0,0,0)] - Speed
[(0,81): (0,0,0); (81,82): (205,159,160); (82,150): (0,0,0)] - Speed
[(0,144): (0,0,0); (144,145): (243,100,179); (145,150): (0,0,0)] - Speed
[(0,66): (0,0,0); (66,67): (201,111,239); (67,150): (0,0,0)] - Speed
[(0,45): (0,0,0); (45,46): (65,45,249); (46,150): (0,0,0)] - Speed
[(0,118): (0,0,0); (118,119): (204,192,243); (119,150): (0,0,0)] - Speed
[(0,22): (0,0,0); (22,23): (108,206,43); (23,150): (0,0,0)] - Speed
[(0,70): (0,0,0); (70,71): (143,168,239); (71,150): (0,0,0)] - Speed
[(0,91): (0,0,0); (91,92): (114,36,18); (92,150): (0,0,0)] - Speed
[(0,71): (0,0,0); (71,72): (192,65,233); (72,150): (0,0,0)] - Speed
[(0,80): (0,0,0); (80,81): (176,156,125); (81,150): (0,0,0)] - Speed
[(0,67): (0,0,0); (67,68): (205,177,3); (68,150): (0,0,0)] - Speed
[(0,16): (0,0,0); (16,17): (242,195,99); (17,150): (0,0,0)] - Speed
[(0,93): (0,0,0); (93,94): (36,63,230); (94,150): (0,0,0)] - Speed
[(0,145): (0,0,0); (145,146): (9,111,76); (146,150): (0,0,0)] - Speed
[(0,149): (0,0,0); (149,150): (166,123,221); (150,150): (0,0,0)] - Speed
[(0,22): (0,0,0); (22,23): (254,98,244); (23,150): (0,0,0)] - Speed
[(0,24): (0,0,0); (24,25): (158,86,244); (25,150): (0,0,0)] - Speed
[(0,36): (0,0,0); (36,37): (0,146,75); (37,150): (0,0,0)] - Speed
[(0,4): (0,0,0); (4,5): (7,68,33); (5,150): (0,0,0)] - Speed
[(0,96): (0,0,0); (96,97): (228,37,128); (97,150): (0,0,0)] - Speed
[(0,58): (0,0,0); (58,59): (231,196,40); (59,150): (0,0,0)] - Speed
[(0,125): (0,0,0); (125,126): (212,221,86); (126,150): (0,0,0)] - Speed
[(0,74): (0,0,0); (74,75): (186,128,247); (75,150): (0,0,0)] - Speed
[(0,20): (0,0,0); (20,21): (191,223,137); (21,150): (0,0,0)] - Speed
[(0,20): (0,0,0); (20,21): (176,184,250); (21,150): (0,0,0)] - Speed
[(0,113): (0,0,0); (113,114): (85,39,27); (114,150): (0,0,0)] - Speed
[(0,62): (0,0,0); (62,63): (117,68,160); (63,150): (0,0,0)] - Speed
[(0,120): (0,0,0); (120,121): (78,142,255); (121,150): (0,0,0)] - Speed
[(0,33): (0,0,0); (33,34): (239,128,123); (34,150): (0,0,0)] - Speed
[(0,105): (0,0,0); (105,106): (209,133,12); (106,150): (0,0,0)] - Speed
[(0,62): (0,0,0); (62,63): (58,114,154); (63,150): (0,0,0)] - Speed
[(0,127): (0,0,0); (127,128): (17,71,213); (128,150): (0,0,0)] - Speed
[(0,146): (0,0,0); (146,147): (21,166,249); (147,150): (0,0,0)] - Speed
[(0,118): (0,0,0); (118,119): (239,81,48); (119,150): (0,0,0)] - Speed
[(0,62): (0,0,0); (62,63): (55,231,164); (63,150): (0,0,0)] - Speed
[(0,67): (0,0,0); (67,68): (50,131,174); (68,150): (0,0,0)] - Speed
[(0,101): (0,0,0); (101,102): (87,121,63); (102,150): (0,0,0)] - Speed
[(0,18): (0,0,0); (18,19): (193,100,183); (19,150): (0,0,0)] - Speed
[(0,123): (0,0,0); (123,124): (88,183,220); (124,150): (0,0,0)] - Speed
[(0,144): (0,0,0); (144,145): (107,102,239); (145,150): (0,0,0)] - Speed
[(0,52): (0,0,0); (52,53): (25,104,233); (53,150): (0,0,0)] - Speed
[(0,127): (0,0,0); (127,128): (76,173,78); (128,150): (0,0,0)] - Speed
[(0,29): (0,0,0); (29,30): (225,245,52); (30,150): (0,0,0)] - Speed
[(0,69): (0,0,0); (69,70): (108,163,121); (70,150): (0,0,0)] - Speed
[(0,135): (0,0,0); (135,136): (1,100,76); (136,150): (0,0,0)] - Speed
[(0,120): (0,0,0); (120,121): (106,135,149); (121,150): (0,0,0)] - Speed
[(0,140): (0,0,0); (140,141): (197,255,112); (141,150): (0,0,0)] - Speed
[(0,144): (0,0,0); (144,145): (50,105,225); (145,150): (0,0,0)] - Speed
[(0,10): (0,0,0); (10,11): (188,139,92); (11,150): (0,0,0)] - Speed
[(0,108): (0,0,0); (108,109): (233,59,14); (109,150): (0,0,0)] - Speed
[(0,45): (0,0,0); (45,46): (221,71,167); (46,150): (0,0,0)] - Speed
[(0,74): (0,0,0); (74,75): (234,92,168); (75,150): (0,0,0)] - Speed
[(0,19): (0,0,0); (19,20): (72,206,1); (20,150): (0,0,0)] - Speed
[(0,10): (0,0,0); (10,11): (165,110,100); (11,150): (0,0,0)] - Speed
[(0,127): (0,0,0); (127,128): (112,252,185); (128,150): (0,0,0)] - Speed
[(0,42): (0,0,0); (42,43): (43,238,223); (43,150): (0,0,0)] - Speed
[(0,27): (0,0,0); (27,28): (161,238,231); (28,150): (0,0,0)] - Speed
[(0,147): (0,0,0); (147,148): (239,224,185); (148,150): (0,0,0)] - Speed
[(0,30): (0,0,0); (30,31): (23,11,81); (31,150): (0,0,0)] - Speed
[(0,16): (0,0,0); (16,17): (70,187,205); (17,150): (0,0,0)] - Speed
[(0,99): (0,0,0); (99,100): (178,176,183); (100,150): (0,0,0)] - Speed
[(0,27): (0,0,0); (27,28): (116,27,242); (28,150): (0,0,0)] - Speed
[(0,142): (0,0,0); (142,143): (231,52,80); (143,150): (0,0,0)] - Speed
[(0,142): (0,0,0); (142,143): (19,35,220); (143,150): (0,0,0)] - Speed
[(0,112): (0,0,0); (112,113): (42,203,215); (113,150): (0,0,0)] - Speed
[(0,142): (0,0,0); (142,143): (13,253,213); (143,150): (0,0,0)] - Speed
[(0,21): (0,0,0); (21,22): (105,72,192); (22,150): (0,0,0)] - Speed
[(0,68): (0,0,0); (68,69): (180,28,150); (69,150): (0,0,0)] - Speed
[(0,58): (0,0,0); (58,59): (187,248,68); (59,150): (0,0,0)] - Speed
[(0,63): (0,0,0); (63,64): (252,244,111); (64,150): (0,0,0)] - Speed
[(0,126): (0,0,0); (126,127): (102,227,142); (127,150): (0,0,0)] - Speed
[(0,36): (0,0,0); (36,37): (60,122,167); (37,150): (0,0,0)] - Speed
[(0,17): (0,0,0); (17,18): (239,126,115); (18,150): (0,0,0)] - Speed
[(0,29): (0,0,0); (29,30): (162,166,15); (30,150): (0,0,0)] - Speed
[(0,20): (0,0,0); (20,21): (148,166,76); (21,150): (0,0,0)] - Speed
[(0,127): (0,0,0); (127,128): (121,249,59); (128,150): (0,0,0)] - Speed
[(0,63): (0,0,0); (63,64): (94,140,13); (64,150): (0,0,0)] - Speed
[(0,145): (0,0,0); (145,146): (116,115,33); (146,150): (0,0,0)] - Speed
[(0,61): (0,0,0); (61,62): (12,233,132); (62,150): (0,0,0)] - Speed
[(0,64): (0,0,0); (64,65): (173,76,69); (65,150): (0,0,0)] - Speed
[(0,48): (0,0,0); (48,49): (226,156,176); (49,150): (0,0,0)] - Speed
[(0,97): (0,0,0); (97,98): (102,146,221); (98,150): (0,0,0)] - Speed
[(0,128): (0,0,0); (128,129): (36,16,100); (129,150): (0,0,0)] - Speed
[(0,70): (0,0,0); (70,71): (118,119,218); (71,150): (0,0,0)] - Speed
[(0,5): (0,0,0); (5,6): (27,129,194); (6,150): (0,0,0)] - Speed
[(0,95): (0,0,0); (95,96): (79,78,162); (96,150): (0,0,0)] - Speed
[(0,100): (0,0,0); (100,101): (115,2,71); (101,150): (0,0,0)] - Speed
[(0,5): (0,0,0); (5,6): (82,185,25); (6,150): (0,0,0)] - Speed
[(0,61): (0,0,0); (61,62): (219,106,65); (62,150): (0,0,0)] - Speed
[(0,124): (0,0,0); (124,125): (73,112,9); (125,150): (0,0,0)] - Speed
[(0,136): (0,0,0); (136,137): (70,101,193); (137,150): (0,0,0)] - Speed
[(0,80): (0,0,0); (80,81): (84,65,176); (81,150): (0,0,0)] - Speed
[(0,98): (0,0,0); (98,99): (228,237,137); (99,150): (0,0,0)] - Speed
[(0,16): (0,0,0); (16,17): (127,249,194); (17,150): (0,0,0)] - Speed
[(0,113): (0,0,0); (113,114): (84,127,98); (114,150): (0,0,0)] - Speed
[(0,113): (0,0,0); (113,114): (49,99,239); (114,150): (0,0,0)] - Speed
[(0,129): (0,0,0); (129,130): (250,67,107); (130,150): (0,0,0)] - Speed
[(0,68): (0,0,0); (68,69): (157,192,243); (69,150): (0,0,0)] - Speed
[(0,36): (0,0,0); (36,37): (253,6,185); (37,150): (0,0,0)] - Speed
[(0,65): (0,0,0); (65,66): (90,235,90); (66,150): (0,0,0)] - Speed
[(0,86): (0,0,0); (86,87): (70,241,190); (87,150): (0,0,0)] - Speed
[(0,121): (0,0,0); (121,122): (220,219,218); (122,150): (0,0,0)] - Speed
[(0,23): (0,0,0); (23,24): (220,149,83); (24,150): (0,0,0)] - Speed
[(0,80): (0,0,0); (80,81): (66,69,60); (81,150): (0,0,0)] - Speed
[(0,45): (0,0,0); (45,46): (51,105,228); (46,150): (0,0,0)] - Speed
[(0,117): (0,0,0); (117,118): (234,221,4); (118,150): (0,0,0)] - Speed
[(0,27): (0,0,0); (27,28): (150,47,80); (28,150): (0,0,0)] - Speed
[(0,61): (0,0,0); (61,62): (115,206,212); (62,150): (0,0,0)] - Speed
[(0,46): (0,0,0); (46,47): (6,14,227); (47,150): (0,0,0)] - Speed
[(0,62): (0,0,0); (62,63): (134,248,3); (63,150): (0,0,0)] - Speed
[(0,147): (0,0,0); (147,148): (90,174,138); (148,150): (0,0,0)] - Speed
[(0,39): (0,0,0); (39,40): (15,90,150); (40,150): (0,0,0)] - Speed
[(0,112): (0,0,0); (112,113): (22,33,230); (113,150): (0,0,0)] - Speed
[(0,90): (0,0,0); (90,91): (225,13,72); (91,150): (0,0,0)] - Speed
[(0,49): (0,0,0); (49,50): (50,229,197); (50,150): (0,0,0)] - Speed
[(0,42): (0,0,0); (42,43): (210,34,116); (43,150): (0,0,0)] - Speed
[(0,127): (0,0,0); (127,128): (122,96,167); (128,150): (0,0,0)] - Speed
[(0,12): (0,0,0); (12,13): (144,135,24); (13,150): (0,0,0)] - Speed
[(0,7): (0,0,0); (7,8): (189,143,214); (8,150): (0,0,0)] - Speed
[(0,141): (0,0,0); (141,142): (86,18,34); (142,150): (0,0,0)] - Speed
[(0,97): (0,0,0); (97,98): (154,167,167); (98,150): (0,0,0)] - Speed
[(0,67): (0,0,0); (67,68): (196,165,203); (68,150): (0,0,0)] - Speed
[(0,70): (0,0,0); (70,71): (239,28,174); (71,150): (0,0,0)] - Speed
[(0,91): (0,0,0); (91,92): (101,100,200); (92,150): (0,0,0)] - Speed
[(0,19): (0,0,0); (19,20): (141,37,117); (20,150): (0,0,0)] - Speed
[(0,70): (0,0,0); (70,71): (39,151,180); (71,150): (0,0,0)] - Speed
[(0,73): (0,0,0); (73,74): (225,148,175); (74,150): (0,0,0)] - Speed
[(0,134): (0,0,0); (134,135): (104,238,123); (135,150): (0,0,0)] - Speed
[(0,19): (0,0,0); (19,20): (158,226,27); (20,150): (0,0,0)] - Speed
[(0,85): (0,0,0); (85,86): (101,216,80); (86,150): (0,0,0)] - Speed
[(0,129): (0,0,0); (129,130): (221,34,139); (130,150): (0,0,0)] - Speed
[(0,10): (0,0,0); (10,11): (43,132,127); (11,150): (0,0,0)] - Speed
[(0,57): (0,0,0); (57,58): (2,222,62); (58,150): (0,0,0)] - Speed
[(0,89): (0,0,0); (89,90): (155,33,74); (90,150): (0,0,0)] - Speed
[(0,103): (0,0,0); (103,104): (93,21,73); (104,150): (0,0,0)] - Speed
[(0,87): (0,0,0); (87,88): (15,108,139); (88,150): (0,0,0)] - Speed
[(0,115): (0,0,0); (115,116): (221,131,115); (116,150): (0,0,0)] - Speed
[(0,112): (0,0,0); (112,113): (3,110,168); (113,150): (0,0,0)] - Speed
[(0,54): (0,0,0); (54,55): (7,76,178); (55,150): (0,0,0)] - Speed
[(0,140): (0,0,0); (140,141): (114,105,174); (141,150): (0,0,0)] - Speed
[(0,67): (0,0,0); (67,68): (73,144,199); (68,150): (0,0,0)] - Speed
[(0,133): (0,0,0); (133,134): (248,1,114); (134,150): (0,0,0)] - Speed
[(0,100): (0,0,0); (100,101): (185,232,102); (101,150): (0,0,0)] - Speed
[(0,100): (0,0,0); (100,101): (72,31,26); (101,150): (0,0,0)] - Speed
[(0,145): (0,0,0); (145,146): (18,92,230); (146,150): (0,0,0)] - Speed
[(0,137): (0,0,0); (137,138): (114,224,95); (138,150): (0,0,0)] - Speed
[(0,14): (0,0,0); (14,15): (176,53,86); (15,150): (0,0,0)] - Speed
[(0,100): (0,0,0); (100,101): (237,189,132); (101,150): (0,0,0)] - Speed
[(0,72): (0,0,0); (72,73): (105,59,139); (73,150): (0,0,0)] - Speed
[(0,17): (0,0,0); (17,18): (100,60,239); (18,150): (0,0,0)] - Speed
[(0,67): (0,0,0); (67,68): (53,153,248); (68,150): (0,0,0)] - Speed
[(0,117): (0,0,0); (117,118): (55,109,116); (118,150): (0,0,0)] - Speed
[(0,87): (0,0,0); (87,88): (210,10,55); (88,150): (0,0,0)] - Speed
[(0,37): (0,0,0); (37,38): (147,60,233); (38,150): (0,0,0)] - Speed
[(0,27): (0,0,0); (27,28): (134,139,174); (28,150): (0,0,0)] - Speed
[(0,99): (0,0,0); (99,100): (217,154,29); (100,150): (0,0,0)] - Speed
[(0,45): (0,0,0); (45,46): (115,16,116); (46,150): (0,0,0)] - Speed
[(0,133): (0,0,0); (133,134): (61,130,15); (134,150): (0,0,0)] - Speed
[(0,79): (0,0,0); (79,80): (118,45,146); (80,150): (0,0,0)] - Speed
[(0,101): (0,0,0); (101,102): (187,91,227); (102,150): (0,0,0)] - Speed
[(0,114): (0,0,0); (114,115): (44,67,223); (115,150): (0,0,0)] - Speed
[(0,7): (0,0,0); (7,8): (92,35,168); (8,150): (0,0,0)] - Speed
[(0,106): (0,0,0); (106,107): (251,27,75); (107,150): (0,0,0)] - Speed
[(0,123): (0,0,0); (123,124): (126,36,152); (124,150): (0,0,0)] - Speed
[(0,76): (0,0,0); (76,77): (59,134,83); (77,150): (0,0,0)] - Speed
[(0,8): (0,0,0); (8,9): (58,222,113); (9,150): (0,0,0)] - Speed
[(0,10): (0,0,0); (10,11): (238,249,38); (11,150): (0,0,0)] - Speed
[(0,133): (0,0,0); (133,134): (27,70,30); (134,150): (0,0,0)] - Speed
[(0,48): (0,0,0); (48,49): (81,88,206); (49,150): (0,0,0)] - Speed
[(0,41): (0,0,0); (41,42): (246,87,130); (42,150): (0,0,0)] - Speed
[(0,87): (0,0,0); (87,88): (113,163,148); (88,150): (0,0,0)] - Speed
[(0,148): (0,0,0); (148,149): (167,219,12); (149,150): (0,0,0)] - Speed
[(0,45): (0,0,0); (45,46): (211,20,16); (46,150): (0,0,0)] - Speed
[(0,117): (0,0,0); (117,118): (113,166,166); (118,150): (0,0,0)] - Speed
[(0,81): (0,0,0); (81,82): (222,212,222); (82,150): (0,0,0)] - Speed
[(0,94): (0,0,0); (94,95): (167,131,174); (95,150): (0,0,0)] - Speed
[(0,131): (0,0,0); (131,132): (173,150,89); (132,150): (0,0,0)] - Speed
[(0,128): (0,0,0); (128,129): (35,223,2); (129,150): (0,0,0)] - Speed
[(0,41): (0,0,0); (41,42): (170,101,217); (42,150): (0,0,0)] - Speed
[(0,129): (0,0,0); (129,130): (205,88,83); (130,150): (0,0,0)] - Speed
[(0,98): (0,0,0); (98,99): (255,30,228); (99,150): (0,0,0)] - Speed
[(0,135): (0,0,0); (135,136): (156,188,20); (136,150): (0,0,0)] - Speed
[(0,82): (0,0,0); (82,83): (133,178,11); (83,150): (0,0,0)] - Speed
[(0,140): (0,0,0); (140,141): (224,237,233); (141,150): (0,0,0)] - Speed
[(0,1): (0,0,0); (1,2): (43,52,207); (2,150): (0,0,0)] - Speed
[(0,121): (0,0,0); (121,122): (218,62,147); (122,150): (0,0,0)] - Speed
[(0,61): (0,0,0); (61,62): (111,240,8); (62,150): (0,0,0)] - Speed
[(0,4): (0,0,0); (4,5): (196,98,51); (5,150): (0,0,0)] - Speed
[(0,24): (0,0,0); (24,25): (233,153,237); (25,150): (0,0,0)] - Speed
[(0,17): (0,0,0); (17,18): (120,133,165); (18,150): (0,0,0)] - Speed
[(0,13): (0,0,0); (13,14): (97,152,25); (14,150): (0,0,0)] - Speed
[(0,19): (0,0,0); (19,20): (233,42,22); (20,150): (0,0,0)] - Speed
[(0,74): (0,0,0); (74,75): (235,10,89); (75,150): (0,0,0)] - Speed
[(0,73): (0,0,0); (73,74): (12,166,103); (74,150): (0,0,0)] - Speed
[(0,46): (0,0,0); (46,47): (1,253,189); (47,150): (0,0,0)] - Speed
[(0,33): (0,0,0); (33,34): (101,84,152); (34,150): (0,0,0)] - Speed
[(0,139): (0,0,0); (139,140): (68,90,218); (140,150): (0,0,0)] - Speed
[(0,39): (0,0,0); (39,40): (144,224,20); (40,150): (0,0,0)] - Speed
[(0,70): (0,0,0); (70,71): (196,167,114); (71,150): (0,0,0)] - Speed
[(0,63): (0,0,0); (63,64): (136,133,110); (64,150): (0,0,0)] - Speed
[(0,15): (0,0,0); (15,16): (124,87,160); (16,150): (0,0,0)] - Speed
[(0,122): (0,0,0); (122,123): (29,187,81); (123,150): (0,0,0)] - Speed
[(0,149): (0,0,0); (149,150): (8,15,21); (150,150): (0,0,0)] - Speed
[(0,68): (0,0,0); (68,69): (165,231,4); (69,150): (0,0,0)] - Speed
[(0,31): (0,0,0); (31,32): (6,123,160); (32,150): (0,0,0)] - Speed
[(0,81): (0,0,0); (81,82): (213,191,222); (82,150): (0,0,0)] - Speed
[(0,74): (0,0,0); (74,75): (26,243,165); (75,150): (0,0,0)] - Speed
[(0,76): (0,0,0); (76,77): (132,197,12); (77,150): (0,0,0)] - Speed
[(0,19): (0,0,0); (19,20): (144,250,196); (20,150): (0,0,0)] - Speed
[(0,61): (0,0,0); (61,62): (246,41,180); (62,150): (0,0,0)] - Speed
[(0,49): (0,0,0); (49,50): (23,49,243); (50,150): (0,0,0)] - Speed
[(0,43): (0,0,0); (43,44): (27,148,158); (44,150): (0,0,0)] - Speed
[(0,122): (0,0,0); (122,123): (114,113,192); (123,150): (0,0,0)] - Speed
[(0,7): (0,0,0); (7,8): (33,147,233); (8,150): (0,0,0)] - Speed
[(0,130): (0,0,0); (130,131): (49,223,235); (131,150): (0,0,0)] - Speed
[(0,18): (0,0,0); (18,19): (186,149,191); (19,150): (0,0,0)] - Speed
[(0,148): (0,0,0); (148,149): (191,20,44); (149,150): (0,0,0)] - Speed
[(0,136): (0,0,0); (136,137): (188,140,149); (137,150): (0,0,0)] - Speed
[(0,144): (0,0,0); (144,145): (22,0,27); (145,150): (0,0,0)] - Speed
[(0,104): (0,0,0); (104,105): (146,165,248); (105,150): (0,0,0)] - Speed
[(0,140): (0,0,0); (140,141): (89,22,151); (141,150): (0,0,0)] - Speed
[(0,56): (0,0,0); (56,57): (139,44,240); (57,150): (0,0,0)] - Speed
[(0,15): (0,0,0); (15,16): (37,44,152); (16,150): (0,0,0)] - Speed
[(0,149): (0,0,0); (149,150): (248,0,9); (150,150): (0,0,0)] - Speed
[(0,64): (0,0,0); (64,65): (222,182,155); (65,150): (0,0,0)] - Speed
[(0,22): (0,0,0); (22,23): (207,215,22); (23,150): (0,0,0)] - Speed
[(0,27): (0,0,0); (27,28): (243,205,235); (28,150): (0,0,0)] - Speed
[(0,67): (0,0,0); (67,68): (20,107,229); (68,150): (0,0,0)] - Speed
[(0,142): (0,0,0); (142,143): (32,211,212); (143,150): (0,0,0)] - Speed
[(0,135): (0,0,0); (135,136): (141,248,86); (136,150): (0,0,0)] - Speed
[(0,77): (0,0,0); (77,78): (125,44,178); (78,150): (0,0,0)] - Speed
[(0,56): (0,0,0); (56,57): (15,161,21); (57,150): (0,0,0)] - Speed
[(0,47): (0,0,0); (47,48): (67,168,255); (48,150): (0,0,0)] - Speed
[(0,59): (0,0,0); (59,60): (155,183,117); (60,150): (0,0,0)] - Speed
[(0,82): (0,0,0); (82,83): (48,90,228); (83,150): (0,0,0)] - Speed
[(0,69): (0,0,0); (69,70): (214,226,217); (70,150): (0,0,0)] - Speed
[(0,76): (0,0,0); (76,77): (12,60,73); (77,150): (0,0,0)] - Speed
[(0,19): (0,0,0); (19,20): (135,181,71); (20,150): (0,0,0)] - Speed
[(0,36): (0,0,0); (36,37): (31,172,207); (37,150): (0,0,0)] - Speed
[(0,100): (0,0,0); (100,101): (25,219,126); (101,150): (0,0,0)] - Speed
[(0,37): (0,0,0); (37,38): (248,138,85); (38,150): (0,0,0)] - Speed
[(0,46): (0,0,0); (46,47): (162,167,138); (47,150): (0,0,0)] - Speed
[(0,80): (0,0,0); (80,81): (79,254,72); (81,150): (0,0,0)] - Speed
[(0,34): (0,0,0); (34,35): (254,153,166); (35,150): (0,0,0)] - Speed
[(0,16): (0,0,0); (16,17): (109,30,186); (17,150): (0,0,0)] - Speed
[(0,121): (0,0,0); (121,122): (191,159,27); (122,150): (0,0,0)] - Speed
[(0,80): (0,0,0); (80,81): (244,73,125); (81,150): (0,0,0)] - Speed
[(0,77): (0,0,0); (77,78): (66,191,38); (78,150): (0,0,0)] - Speed
[(0,28): (0,0,0); (28,29): (84,65,7); (29,150): (0,0,0)] - Speed
[(0,140): (0,0,0); (140,141): (99,154,41); (141,150): (0,0,0)] - Speed
[(0,9): (0,0,0); (9,10): (189,183,88); (10,150): (0,0,0)] - Speed
[(0,118): (0,0,0); (118,119): (10,89,175); (119,150): (0,0,0)] - Speed
[(0,2): (0,0,0); (2,3): (178,26,244); (3,150): (0,0,0)] - Speed
[(0,27): (0,0,0); (27,28): (134,158,225); (28,150): (0,0,0)] - Speed
[(0,3): (0,0,0); (3,4): (98,172,57); (4,150): (0,0,0)] - Speed
[(0,147): (0,0,0); (147,148): (199,207,26); (148,150): (0,0,0)] - Speed
[(0,59): (0,0,0); (59,60): (179,220,3); (60,150): (0,0,0)] - Speed
[(0,43): (0,0,0); (43,44): (212,8,153); (44,150): (0,0,0)] - Speed
[(0,7): (0,0,0); (7,8): (87,88,132); (8,150): (0,0,0)] - Speed
[(0,123): (0,0,0); (123,124): (79,227,21); (124,150): (0,0,0)] - Speed
[(0,47): (0,0,0); (47,48): (17,53,86); (48,150): (0,0,0)] - Speed
[(0,51): (0,0,0); (51,52): (85,38,96); (52,150): (0,0,0)] - Speed
[(0,48): (0,0,0); (48,49): (251,146,16); (49,150): (0,0,0)] - Speed
[(0,80): (0,0,0); (80,81): (198,24,36); (81,150): (0,0,0)] - Speed
[(0,127): (0,0,0); (127,128): (14,233,60); (128,150): (0,0,0)] - Speed
[(0,120): (0,0,0); (120,121): (61,181,223); (121,150): (0,0,0)] - Speed
[(0,27): (0,0,0); (27,28): (230,189,254); (28,150): (0,0,0)] - Speed
[(0,140): (0,0,0); (140,141): (102,118,204); (141,150): (0,0,0)] - Speed
[(0,60): (0,0,0); (60,61): (100,33,180); (61,150): (0,0,0)] - Speed
[(0,76): (0,0,0); (76,77): (209,132,144); (77,150): (0,0,0)] - Speed
[(0,7): (0,0,0); (7,8): (226,217,23); (8,150): (0,0,0)] - Speed
[(0,115): (0,0,0); (115,116): (38,167,146); (116,150): (0,0,0)] - Speed
[(0,107): (0,0,0); (107,108): (29,177,148); (108,150): (0,0,0)] - Speed
[(0,93): (0,0,0); (93,94): (119,38,239); (94,150): (0,0,0)] - Speed
[(0,85): (0,0,0); (85,86): (108,148,168); (86,150): (0,0,0)] - Speed
[(0,147): (0,0,0); (147,148): (105,237,26); (148,150): (0,0,0)] - Speed
[(0,100): (0,0,0); (100,101): (33,50,100); (101,150): (0,0,0)] - Speed
[(0,29): (0,0,0); (29,30): (43,31,106); (30,150): (0,0,0)] - Speed
[(0,14): (0,0,0); (14,15): (110,187,68); (15,150): (0,0,0)] - Speed
[(0,124): (0,0,0); (124,125): (93,90,230); (125,150): (0,0,0)] - Speed
[(0,55): (0,0,0); (55,56): (249,49,159); (56,150): (0,0,0)] - Speed
[(0,33): (0,0,0); (33,34): (36,240,10); (34,150): (0,0,0)] - Speed
[(0,38): (0,0,0); (38,39): (28,204,251); (39,150): (0,0,0)] - Speed
[(0,19): (0,0,0); (19,20): (116,3,121); (20,150): (0,0,0)] - Speed
[(0,99): (0,0,0); (99,100): (78,138,7); (100,150): (0,0,0)] - Speed
[(0,61): (0,0,0); (61,62): (32,76,242); (62,150): (0,0,0)] - Speed
[(0,43): (0,0,0); (43,44): (243,186,50); (44,150): (0,0,0)] - Speed
[(0,139): (0,0,0); (139,140): (27,228,202); (140,150): (0,0,0)] - Speed
[(0,19): (0,0,0); (19,20): (193,218,242); (20,150): (0,0,0)] - Speed
[(0,92): (0,0,0); (92,93): (137,0,53); (93,150): (0,0,0)] - Speed
[(0,123): (0,0,0); (123,124): (133,169,240); (124,150): (0,0,0)] - Speed
[(0,147): (0,0,0); (147,148): (215,114,95); (148,150): (0,0,0)] - Speed
[(0,75): (0,0,0); (75,76): (252,16,39); (76,150): (0,0,0)] - Speed
[(0,46): (0,0,0); (46,47): (2,116,105); (47,150): (0,0,0)] - Speed
[(0,118): (0,0,0); (118,119): (133,172,108); (119,150): (0,0,0)] - Speed
[(0,142): (0,0,0); (142,143): (240,76,19); (143,150): (0,0,0)] - Speed
[(0,65): (0,0,0); (65,66): (172,153,176); (66,150): (0,0,0)] - Speed
[(0,135): (0,0,0); (135,136): (142,194,46); (136,150): (0,0,0)] - Speed
[(0,104): (0,0,0); (104,105): (165,186,37); (105,150): (0,0,0)] - Speed
[(0,144): (0,0,0); (144,145): (60,110,50); (145,150): (0,0,0)] - Speed
[(0,49): (0,0,0); (49,50): (225,102,17); (50,150): (0,0,0)] - Speed
[(0,43): (0,0,0); (43,44): (50,159,199); (44,150): (0,0,0)] - Speed
[(0,16): (0,0,0); (16,17): (246,17,18); (17,150): (0,0,0)] - Speed
[(0,23): (0,0,0); (23,24): (245,121,185); (24,150): (0,0,0)] - Speed
[(0,3): (0,0,0); (3,4): (84,36,190); (4,150): (0,0,0)] - Speed
[(0,31): (0,0,0); (31,32): (217,174,188); (32,150): (0,0,0)] - Speed
[(0,56): (0,0,0); (56,57): (241,109,128); (57,150): (0,0,0)] - Speed
[(0,119): (0,0,0); (119,120): (187,1,172); (120,150): (0,0,0)] - Speed
[(0,140): (0,0,0); (140,141): (57,93,230); (141,150): (0,0,0)] - Speed
[(0,97): (0,0,0); (97,98): (183,68,211); (98,150): (0,0,0)] - Speed
[(0,15): (0,0,0); (15,16): (63,15,110); (16,150): (0,0,0)] - Speed
[(0,68): (0,0,0); (68,69): (93,16,15); (69,150): (0,0,0)] - Speed
[(0,147): (0,0,0); (147,148): (189,192,26); (148,150): (0,0,0)] - Speed
[(0,9): (0,0,0); (9,10): (154,223,101); (10,150): (0,0,0)] - Speed
[(0,148): (0,0,0); (148,149): (204,216,165); (149,150): (0,0,0)] - Speed
[(0,74): (0,0,0); (74,75): (226,111,4); (75,150): (0,0,0)] - Speed
[(0,59): (0,0,0); (59,60): (40,142,213); (60,150): (0,0,0)] - Speed
[(0,36): (0,0,0); (36,37): (143,122,76); (37,150): (0,0,0)] - Speed
[(0,113): (0,0,0); (113,114): (60,189,168); (114,150): (0,0,0)] - Speed
[(0,65): (0,0,0); (65,66): (239,212,243); (66,150): (0,0,0)] - Speed
[(0,49): (0,0,0); (49,50): (157,160,0); (50,150): (0,0,0)] - Speed
[(0,114): (0,0,0); (114,115): (46,55,203); (115,150): (0,0,0)] - Speed
[(0,51): (0,0,0); (51,52): (105,174,19); (52,150): (0,0,0)] - Speed
[(0,55): (0,0,0); (55,56): (150,182,160); (56,150): (0,0,0)] - Speed
[(0,25): (0,0,0); (25,26): (150,63,110); (26,150): (0,0,0)] - Speed
[(0,37): (0,0,0); (37,38): (28,181,133); (38,150): (0,0,0)] - Speed
[(0,143): (0,0,0); (143,144): (55,43,79); (144,150): (0,0,0)] - Speed
[(0,49): (0,0,0); (49,50): (213,83,213); (50,150): (0,0,0)] - Speed
[(0,53): (0,0,0); (53,54): (120,187,76); (54,150): (0,0,0)] - Speed
[(0,104): (0,0,0); (104,105): (7,64,105); (105,150): (0,0,0)] - Speed
[(0,40): (0,0,0); (40,41): (222,26,210); (41,150): (0,0,0)] - Speed
[(0,148): (0,0,0); (148,149): (166,181,114); (149,150): (0,0,0)] - Speed
[(0,40): (0,0,0); (40,41): (107,47,62); (41,150): (0,0,0)] - Speed
[(0,112): (0,0,0); (112,113): (26,96,53); (113,150): (0,0,0)] - Speed
[(0,121): (0,0,0); (121,122): (144,191,196); (122,150): (0,0,0)] - Speed
[(0,53): (0,0,0); (53,54): (224,44,62); (54,150): (0,0,0)] - Speed
[(0,51): (0,0,0); (51,52): (102,107,243); (52,150): (0,0,0)] - Speed
[(0,117): (0,0,0); (117,118): (142,137,183); (118,150): (0,0,0)] - Speed
[(0,92): (0,0,0); (92,93): (26,11,122); (93,150): (0,0,0)] - Speed
[(0,114): (0,0,0); (114,115): (46,39,10); (115,150): (0,0,0)] - Speed
[(0,73): (0,0,0); (73,74): (14,241,60); (74,150): (0,0,0)] - Speed
[(0,68): (0,0,0); (68,69): (38,197,178); (69,150): (0,0,0)] - Speed
[(0,29): (0,0,0); (29,30): (109,77,211); (30,150): (0,0,0)] - Speed
[(0,121): (0,0,0); (121,122): (94,161,92); (122,150): (0,0,0)] - Speed
[(0,17): (0,0,0); (17,18): (220,79,201); (18,150): (0,0,0)] - Speed
[(0,146): (0,0,0); (146,147): (39,243,166); (147,150): (0,0,0)] - Speed
[(0,96): (0,0,0); (96,97): (165,85,57); (97,150): (0,0,0)] - Speed
[(0,50): (0,0,0); (50,51): (222,19,14); (51,150): (0,0,0)] - Speed
[(0,8): (0,0,0); (8,9): (244,180,62); (9,150): (0,0,0)] - Speed
[(0,114): (0,0,0); (114,115): (5,2,152); (115,150): (0,0,0)] - Speed
[(0,126): (0,0,0); (126,127): (140,24,138); (127,150): (0,0,0)] - Speed
[(0,96): (0,0,0); (96,97): (115,249,49); (97,150): (0,0,0)] - Speed
[(0,96): (0,0,0); (96,97): (55,114,159); (97,150): (0,0,0)] - Speed
[(0,96): (0,0,0); (96,97): (104,30,246); (97,150): (0,0,0)] - Speed
[(0,83): (0,0,0); (83,84): (14,118,4); (84,150): (0,0,0)] - Speed
[(0,142): (0,0,0); (142,143): (78,157,16); (143,150): (0,0,0)] - Speed
[(0,82): (0,0,0); (82,83): (45,24,188); (83,150): (0,0,0)] - Speed
[(0,75): (0,0,0); (75,76): (65,237,21); (76,150): (0,0,0)] - Speed
[(0,121): (0,0,0); (121,122): (162,93,25); (122,150): (0,0,0)] - Speed
[(0,109): (0,0,0); (109,110): (192,79,90); (110,150): (0,0,0)] - Speed
[(0,51): (0,0,0); (51,52): (85,129,160); (52,150): (0,0,0)] - Speed
[(0,86): (0,0,0); (86,87): (190,97,136); (87,150): (0,0,0)] - Speed
[(0,62): (0,0,0); (62,63): (245,72,242); (63,150): (0,0,0)] - Speed
[(0,12): (0,0,0); (12,13): (243,229,216); (13,150): (0,0,0)] - Speed
[(0,38): (0,0,0); (38,39): (108,44,35); (39,150): (0,0,0)] - Speed
[(0,92): (0,0,0); (92,93): (3,43,135); (93,150): (0,0,0)] - Speed
[(0,8): (0,0,0); (8,9): (100,150,89); (9,150): (0,0,0)] - Speed
[(0,37): (0,0,0); (37,38): (121,115,23); (38,150): (0,0,0)] - Speed
[(0,70): (0,0,0); (70,71): (181,249,253); (71,150): (0,0,0)] - Speed
[(0,135): (0,0,0); (135,136): (224,56,107); (136,150): (0,0,0)] - Speed
[(0,18): (0,0,0); (18,19): (119,67,219); (19,150): (0,0,0)] - Speed
[(0,129): (0,0,0); (129,130): (30,88,239); (130,150): (0,0,0)] - Speed
[(0,5): (0,0,0); (5,6): (52,236,36); (6,150): (0,0,0)] - Speed
[(0,90): (0,0,0); (90,91): (128,67,19); (91,150): (0,0,0)] - Speed
[(0,60): (0,0,0); (60,61): (219,3,20); (61,150): (0,0,0)] - Speed
[(0,81): (0,0,0); (81,82): (162,240,108); (82,150): (0,0,0)] - Speed
[(0,110): (0,0,0); (110,111): (123,19,136); (111,150): (0,0,0)] - Speed
[(0,49): (0,0,0); (49,50): (242,151,173); (50,150): (0,0,0)] - Speed
[(0,91): (0,0,0); (91,92): (233,180,36); (92,150): (0,0,0)] - Speed
[(0,130): (0,0,0); (130,131): (169,10,20); (131,150): (0,0,0)] - Speed
[(0,33): (0,0,0); (33,34): (102,32,77); (34,150): (0,0,0)] - Speed
[(0,115): (0,0,0); (115,116): (229,246,137); (116,150): (0,0,0)] - Speed
[(0,95): (0,0,0); (95,96): (37,102,175); (96,150): (0,0,0)] - Speed
[(0,76): (0,0,0); (76,77): (166,39,167); (77,150): (0,0,0)] - Speed
[(0,92): (0,0,0); (92,93): (57,201,160); (93,150): (0,0,0)] - Speed
[(0,99): (0,0,0); (99,100): (65,8,61); (100,150): (0,0,0)] - Speed
[(0,142): (0,0,0); (142,143): (201,230,113); (143,150): (0,0,0)] - Speed
[(0,147): (0,0,0); (147,148): (210,121,57); (148,150): (0,0,0)] - Speed
[(0,109): (0,0,0); (109,110): (200,228,14); (110,150): (0,0,0)] - Speed
[(0,58): (0,0,0); (58,59): (124,12,67); (59,150): (0,0,0)] - Speed
[(0,32): (0,0,0); (32,33): (241,57,138); (33,150): (0,0,0)] - Speed
[(0,81): (0,0,0); (81,82): (209,70,214); (82,150): (0,0,0)] - Speed
[(0,23): (0,0,0); (23,24): (126,229,144); (24,150): (0,0,0)] - Speed
[(0,13): (0,0,0); (13,14): (167,31,35); (14,150): (0,0,0)] - Speed
[(0,87): (0,0,0); (87,88): (100,42,68); (88,150): (0,0,0)] - Speed
[(0,24): (0,0,0); (24,25): (38,71,60); (25,150): (0,0,0)] - Speed
[(0,90): (0,0,0); (90,91): (233,61,3); (91,150): (0,0,0)] - Speed
[(0,95): (0,0,0); (95,96): (69,219,88); (96,150): (0,0,0)] - Speed
[(0,93): (0,0,0); (93,94): (249,75,145); (94,150): (0,0,0)] - Speed
[(0,95): (0,0,0); (95,96): (12,2,163); (96,150): (0,0,0)] - Speed
[(0,71): (0,0,0); (71,72): (211,76,106); (72,150): (0,0,0)] - Speed
[(0,101): (0,0,0); (101,102): (30,212,97); (102,150): (0,0,0)] - Speed
[(0,103): (0,0,0); (103,104): (16,167,197); (104,150): (0,0,0)] - Speed
[(0,69): (0,0,0); (69,70): (245,194,83); (70,150): (0,0,0)] - Speed
[(0,31): (0,0,0); (31,32): (224,176,102); (32,150): (0,0,0)] - Speed
[(0,79): (0,0,0); (79,80): (167,204,142); (80,150): (0,0,0)] - Speed
[(0,78): (0,0,0); (78,79): (148,149,150); (79,150): (0,0,0)] - Speed
[(0,46): (0,0,0); (46,47): (22,134,143); (47,150): (0,0,0)] - Speed
[(0,0): (0,0,0); (0,1): (54,48,238); (1,150): (0,0,0)] - Speed
[(0,115): (0,0,0); (115,116): (79,155,221); (116,150): (0,0,0)] - Speed
[(0,88): (0,0,0); (88,89): (32,18,241); (89,150): (0,0,0)] - Speed
[(0,125): (0,0,0); (125,126): (219,70,32); (126,150): (0,0,0)] - Speed
[(0,101): (0,0,0); (101,102): (16,56,139); (102,150): (0,0,0)] - Speed
[(0,117): (0,0,0); (117,118): (206,206,198); (118,150): (0,0,0)] - Speed
[(0,63): (0,0,0); (63,64): (68,163,186); (64,150): (0,0,0)] - Speed
[(0,100): (0,0,0); (100,101): (12,12,11); (101,150): (0,0,0)] - Speed
[(0,79): (0,0,0); (79,80): (214,96,114); (80,150): (0,0,0)] - Speed
[(0,79): (0,0,0); (79,80): (244,74,116); (80,150): (0,0,0)] - Speed
[(0,92): (0,0,0); (92,93): (114,246,172); (93,150): (0,0,0)] - Speed
[(0,148): (0,0,0); (148,149): (160,106,177); (149,150): (0,0,0)] - Speed
[(0,90): (0,0,0); (90,91): (130,160,187); (91,150): (0,0,0)] - Speed
[(0,134): (0,0,0); (134,135): (98,106,65); (135,150): (0,0,0)] - Speed
[(0,93): (0,0,0); (93,94): (177,175,251); (94,150): (0,0,0)] - Speed
[(0,72): (0,0,0); (72,73): (54,49,132); (73,150): (0,0,0)] - Speed
[(0,121): (0,0,0); (121,122): (119,196,232); (122,150): (0,0,0)] - Speed
[(0,114): (0,0,0); (114,115): (141,11,250); (115,150): (0,0,0)] - Speed
[(0,50): (0,0,0); (50,51): (31,72,151); (51,150): (0,0,0)] - Speed
[(0,94): (0,0,0); (94,95): (83,230,130); (95,150): (0,0,0)] - Speed
[(0,51): (0,0,0); (51,52): (24,56,154); (52,150): (0,0,0)] - Speed
[(0,147): (0,0,0); (147,148): (195,128,168); (148,150): (0,0,0)] - Speed
[(0,17): (0,0,0); (17,18): (209,154,77); (18,150): (0,0,0)] - Speed
[(0,148): (0,0,0); (148,149): (154,144,76); (149,150): (0,0,0)] - Speed
[(0,32): (0,0,0); (32,33): (222,158,240); (33,150): (0,0,0)] - Speed
[(0,149): (0,0,0); (149,150): (80,123,45); (150,150): (0,0,0)] - Speed
[(0,33): (0,0,0); (33,34): (87,245,64); (34,150): (0,0,0)] - Speed
[(0,20): (0,0,0); (20,21): (233,224,192); (21,150): (0,0,0)] - Speed
[(0,37): (0,0,0); (37,38): (68,197,219); (38,150): (0,0,0)] - Speed
[(0,134): (0,0,0); (134,135): (251,105,176); (135,150): (0,0,0)] - Speed
[(0,109): (0,0,0); (109,110): (174,92,91); (110,150): (0,0,0)] - Speed
[(0,116): (0,0,0); (116,117): (45,82,52); (117,150): (0,0,0)] - Speed
[(0,127): (0,0,0); (127,128): (66,18,21); (128,150): (0,0,0)] - Speed
[(0,48): (0,0,0); (48,49): (188,65,250); (49,150): (0,0,0)] - Speed
[(0,38): (0,0,0); (38,39): (211,93,181); (39,150): (0,0,0)] - Speed
[(0,94): (0,0,0); (94,95): (195,86,9); (95,150): (0,0,0)] - Speed
[(0,64): (0,0,0); (64,65): (208,97,199); (65,150): (0,0,0)] - Speed
[(0,136): (0,0,0); (136,137): (1,5,220); (137,150): (0,0,0)] - Speed
[(0,43): (0,0,0); (43,44): (233,27,247); (44,150): (0,0,0)] - Speed
[(0,49): (0,0,0); (49,50): (109,187,41); (50,150): (0,0,0)] - Speed
[(0,86): (0,0,0); (86,87): (202,224,161); (87,150): (0,0,0)] - Speed
[(0,122): (0,0,0); (122,123): (115,121,46); (123,150): (0,0,0)] - Speed
[(0,17): (0,0,0); (17,18): (40,161,172); (18,150): (0,0,0)] - Speed
[(0,46): (0,0,0); (46,47): (193,239,161); (47,150): (0,0,0)] - Speed
[(0,114): (0,0,0); (114,115): (44,6,30); (115,150): (0,0,0)] - Speed
[(0,1): (0,0,0); (1,2): (161,20,130); (2,150): (0,0,0)] - Speed
[(0,90): (0,0,0); (90,91): (116,55,81); (91,150): (0,0,0)] - Speed
[(0,126): (0,0,0); (126,127): (104,130,178); (127,150): (0,0,0)] - Speed
[(0,36): (0,0,0); (36,37): (11,161,135); (37,150): (0,0,0)] - Speed
[(0,89): (0,0,0); (89,90): (97,245,251); (90,150): (0,0,0)] - Speed
[(0,48): (0,0,0); (48,49): (63,247,74); (49,150): (0,0,0)] - Speed
[(0,1): (0,0,0); (1,2): (250,184,132); (2,150): (0,0,0)] - Speed
[(0,34): (0,0,0); (34,35): (177,66,21); (35,150): (0,0,0)] - Speed
[(0,17): (0,0,0); (17,18): (212,94,54); (18,150): (0,0,0)] - Speed
[(0,87): (0,0,0); (87,88): (115,116,91); (88,150): (0,0,0)] - Speed
[(0,28): (0,0,0); (28,29): (75,47,134); (29,150): (0,0,0)] - Speed
[(0,32): (0,0,0); (32,33): (90,147,47); (33,150): (0,0,0)] - Speed
[(0,13): (0,0,0); (13,14): (138,77,190); (14,150): (0,0,0)] - Speed
[(0,63): (0,0,0); (63,64): (103,16,15); (64,150): (0,0,0)] - Speed
[(0,3): (0,0,0); (3,4): (172,138,122); (4,150): (0,0,0)] - Speed
[(0,91): (0,0,0); (91,92): (226,219,227); (92,150): (0,0,0)] - Speed
[(0,102): (0,0,0); (102,103): (254,0,80); (103,150): (0,0,0)] - Speed
[(0,48): (0,0,0); (48,49): (50,128,110); (49,150): (0,0,0)] - Speed
[(0,41): (0,0,0); (41,42): (246,90,14); (42,150): (0,0,0)] - Speed
[(0,134): (0,0,0); (134,135): (42,201,88); (135,150): (0,0,0)] - Speed
[(0,90): (0,0,0); (90,91): (203,208,176); (91,150): (0,0,0)] - Speed
[(0,126): (0,0,0); (126,127): (175,19,11); (127,150): (0,0,0)] - Speed
[(0,19): (0,0,0); (19,20): (229,61,245); (20,150): (0,0,0)] - Speed
[(0,90): (0,0,0); (90,91): (104,216,165); (91,150): (0,0,0)] - Speed
[(0,96): (0,0,0); (96,97): (174,162,223); (97,150): (0,0,0)] - Speed
[(0,111): (0,0,0); (111,112): (85,73,229); (112,150): (0,0,0)] - Speed
[(0,136): (0,0,0); (136,137): (166,112,193); (137,150): (0,0,0)] - Speed
[(0,143): (0,0,0); (143,144): (56,127,146); (144,150): (0,0,0)] - Speed
[(0,42): (0,0,0); (42,43): (4,59,22); (43,150): (0,0,0)] - Speed
[(0,94): (0,0,0); (94,95): (241,77,222); (95,150): (0,0,0)] - Speed
[(0,49): (0,0,0); (49,50): (70,5,95); (50,150): (0,0,0)] - Speed
[(0,27): (0,0,0); (27,28): (6,149,79); (28,150): (0,0,0)] - Speed
[(0,134): (0,0,0); (134,135): (97,118,69); (135,150): (0,0,0)] - Speed
[(0,108): (0,0,0); (108,109): (52,82,151); (109,150): (0,0,0)] - Speed
[(0,8): (0,0,0); (8,9): (113,108,87); (9,150): (0,0,0)] - Speed
[(0,147): (0,0,0); (147,148): (233,242,110); (148,150): (0,0,0)] - Speed
[(0,71): (0,0,0); (71,72): (206,70,169); (72,150): (0,0,0)] - Speed
[(0,61): (0,0,0); (61,62): (19,248,252); (62,150): (0,0,0)] - Speed
[(0,11): (0,0,0); (11,12): (255,29,232); (12,150): (0,0,0)] - Speed
[(0,21): (0,0,0); (21,22): (120,227,107); (22,150): (0,0,0)] - Speed
[(0,143): (0,0,0); (143,144): (254,169,155); (144,150): (0,0,0)] - Speed
[(0,141): (0,0,0); (141,142): (152,186,145); (142,150): (0,0,0)] - Speed
[(0,74): (0,0,0); (74,75): (8,12,195); (75,150): (0,0,0)] - Speed
[(0,105): (0,0,0); (105,106): (85,17,120); (106,150): (0,0,0)] - Speed
[(0,142): (0,0,0); (142,143): (24,33,140); (143,150): (0,0,0)] - Speed
[(0,102): (0,0,0); (102,103): (36,79,112); (103,150): (0,0,0)] - Speed
[(0,5): (0,0,0); (5,6): (6,185,252); (6,150): (0,0,0)] - Speed
[(0,109): (0,0,0); (109,110): (150,243,83); (110,150): (0,0,0)] - Speed
[(0,96): (0,0,0); (96,97): (104,201,152); (97,150): (0,0,0)] - Speed
[(0,136): (0,0,0); (136,137): (253,202,62); (137,150): (0,0,0)] - Speed
[(0,134): (0,0,0); (134,135): (10,77,102); (135,150): (0,0,0)] - Speed
[(0,8): (0,0,0); (8,9): (161,119,231); (9,150): (0,0,0)] - Speed
[(0,52): (0,0,0); (52,53): (56,139,47); (53,150): (0,0,0)] - Speed
[(0,43): (0,0,0); (43,44): (87,116,138); (44,150): (0,0,0)] - Speed
[(0,105): (0,0,0); (105,106): (230,170,241); (106,150): (0,0,0)] - Speed
[(0,69): (0,0,0); (69,70): (103,198,241); (70,150): (0,0,0)] - Speed
[(0,56): (0,0,0); (56,57): (227,39,42); (57,150): (0,0,0)] - Speed
[(0,147): (0,0,0); (147,148): (215,106,180); (148,150): (0,0,0)] - Speed
[(0,10): (0,0,0); (10,11): (20,162,34); (11,150): (0,0,0)] - Speed
[(0,140): (0,0,0); (140,141): (253,94,38); (141,150): (0,0,0)] - Speed
[(0,92): (0,0,0); (92,93): (112,162,60); (93,150): (0,0,0)] - Speed
[(0,141): (0,0,0); (141,142): (146,252,250); (142,150): (0,0,0)] - Speed
[(0,100): (0,0,0); (100,101): (35,237,204); (101,150): (0,0,0)] - Speed
[(0,95): (0,0,0); (95,96): (137,15,201); (96,150): (0,0,0)] - Speed
[(0,80): (0,0,0); (80,81): (175,0,83); (81,150): (0,0,0)] - Speed
[(0,0): (0,0,0); (0,1): (202,18,131); (1,150): (0,0,0)] - Speed
[(0,103): (0,0,0); (103,104): (181,86,134); (104,150): (0,0,0)] - Speed
[(0,109): (0,0,0); (109,110): (105,88,187); (110,150): (0,0,0)] - Speed
[(0,62): (0,0,0); (62,63): (206,109,154); (63,150): (0,0,0)] - Speed
[(0,45): (0,0,0); (45,46): (68,77,142); (46,150): (0,0,0)] - Speed
[(0,37): (0,0,0); (37,38): (157,11,216); (38,150): (0,0,0)] - Speed
[(0,100): (0,0,0); (100,101): (188,76,143); (101,150): (0,0,0)] - Speed
[(0,149): (0,0,0); (149,150): (73,79,95); (150,150): (0,0,0)] - Speed
[(0,86): (0,0,0); (86,87): (0,148,92); (87,150): (0,0,0)] - Speed
[(0,43): (0,0,0); (43,44): (224,69,246); (44,150): (0,0,0)] - Speed
[(0,103): (0,0,0); (103,104): (173,149,88); (104,150): (0,0,0)] - Speed
[(0,18): (0,0,0); (18,19): (152,63,96); (19,150): (0,0,0)] - Speed
[(0,44): (0,0,0); (44,45): (49,137,110); (45,150): (0,0,0)] - Speed
[(0,4): (0,0,0); (4,5): (80,25,32); (5,150): (0,0,0)] - Speed
[(0,72): (0,0,0); (72,73): (186,197,69); (73,150): (0,0,0)] - Speed
[(0,10): (0,0,0); (10,11): (67,56,171); (11,150): (0,0,0)] - Speed
[(0,7): (0,0,0); (7,8): (157,81,129); (8,150): (0,0,0)] - Speed
[(0,82): (0,0,0); (82,83): (241,3,71); (83,150): (0,0,0)] - Speed
[(0,49): (0,0,0); (49,50): (146,129,245); (50,150): (0,0,0)] - Speed
[(0,33): (0,0,0); (33,34): (82,130,175); (34,150): (0,0,0)] - Speed
[(0,100): (0,0,0); (100,101): (235,208,213); (101,150): (0,0,0)] - Speed
[(0,136): (0,0,0); (136,137): (131,112,65); (137,150): (0,0,0)] - Speed
[(0,97): (0,0,0); (97,98): (251,219,6); (98,150): (0,0,0)] - Speed
[(0,14): (0,0,0); (14,15): (243,49,18); (15,150): (0,0,0)] - Speed
[(0,122): (0,0,0); (122,123): (53,140,147); (123,150): (0,0,0)] - Speed
[(0,112): (0,0,0); (112,113): (155,253,255); (113,150): (0,0,0)] - Speed
[(0,31): (0,0,0); (31,32): (200,151,8); (32,150): (0,0,0)] - Speed
[(0,32): (0,0,0); (32,33): (158,11,8); (33,150): (0,0,0)] - Speed
[(0,57): (0,0,0); (57,58): (234,37,113); (58,150): (0,0,0)] - Speed
[(0,149): (0,0,0); (149,150): (186,206,21); (150,150): (0,0,0)] - Speed
[(0,107): (0,0,0); (107,108): (34,166,140); (108,150): (0,0,0)] - Speed
[(0,76): (0,0,0); (76,77): (13,240,141); (77,150): (0,0,0)] - Speed
[(0,1): (0,0,0); (1,2): (117,67,33); (2,150): (0,0,0)] - Speed
[(0,4): (0,0,0); (4,5): (253,95,145); (5,150): (0,0,0)] - Speed
[(0,63): (0,0,0); (63,64): (105,254,252); (64,150): (0,0,0)] - Speed
[(0,142): (0,0,0); (142,143): (14,110,182); (143,150): (0,0,0)] - Speed
[(0,87): (0,0,0); (87,88): (147,183,170); (88,150): (0,0,0)] - Speed
[(0,11): (0,0,0); (11,12): (190,235,158); (12,150): (0,0,0)] - Speed
[(0,51): (0,0,0); (51,52): (66,44,31); (52,150): (0,0,0)] - Speed
[(0,38): (0,0,0); (38,39): (242,118,109); (39,150): (0,0,0)] - Speed
[(0,136): (0,0,0); (136,137): (174,92,142); (137,150): (0,0,0)] - Speed
[(0,111): (0,0,0); (111,112): (29,165,128); (112,150): (0,0,0)] - Speed
[(0,89): (0,0,0); (89,90): (34,85,207); (90,150): (0,0,0)] - Speed
[(0,130): (0,0,0); (130,131): (46,159,3); (131,150): (0,0,0)] - Speed
[(0,87): (0,0,0); (87,88): (208,247,195); (88,150): (0,0,0)] - Speed
[(0,79): (0,0,0); (79,80): (143,177,104); (80,150): (0,0,0)] - Speed
[(0,36): (0,0,0); (36,37): (84,94,92); (37,150): (0,0,0)] - Speed
[(0,24): (0,0,0); (24,25): (156,41,243); (25,150): (0,0,0)] - Speed
[(0,96): (0,0,0); (96,97): (156,190,123); (97,150): (0,0,0)] - Speed
[(0,74): (0,0,0); (74,75): (138,159,180); (75,150): (0,0,0)] - Speed
[(0,84): (0,0,0); (84,85): (13,40,46); (85,150): (0,0,0)] - Speed
[(0,4): (0,0,0); (4,5): (69,132,235); (5,150): (0,0,0)] - Speed
[(0,11): (0,0,0); (11,12): (58,239,205); (12,150): (0,0,0)] - Speed
[(0,78): (0,0,0); (78,79): (67,114,20); (79,150): (0,0,0)] - Speed
[(0,94): (0,0,0); (94,95): (31,85,57); (95,150): (0,0,0)] - Speed
[(0,72): (0,0,0); (72,73): (110,6,179); (73,150): (0,0,0)] - Speed
[(0,132): (0,0,0); (132,133): (124,7,234); (133,150): (0,0,0)] - Speed
[(0,45): (0,0,0); (45,46): (8,23,1); (46,150): (0,0,0)] - Speed
[(0,74): (0,0,0); (74,75): (98,56,151); (75,150): (0,0,0)] - Speed
[(0,141): (0,0,0); (141,142): (224,235,113); (142,150): (0,0,0)] - Speed
[(0,99): (0,0,0); (99,100): (240,228,203); (100,150): (0,0,0)] - Speed
[(0,35): (0,0,0); (35,36): (51,77,72); (36,150): (0,0,0)] - Speed
[(0,24): (0,0,0); (24,25): (56,160,71); (25,150): (0,0,0)] - Speed
[(0,118): (0,0,0); (118,119): (142,176,233); (119,150): (0,0,0)] - Speed
[(0,64): (0,0,0); (64,65): (2,143,24); (65,150): (0,0,0)] - Speed
[(0,91): (0,0,0); (91,92): (173,240,147); (92,150): (0,0,0)] - Speed
[(0,133): (0,0,0); (133,134): (3,175,148); (134,150): (0,0,0)] - Speed
[(0,49): (0,0,0); (49,50): (193,103,253); (50,150): (0,0,0)] - Speed
[(0,64): (0,0,0); (64,65): (83,186,192); (65,150): (0,0,0)] - Speed
[(0,145): (0,0,0); (145,146): (237,40,206); (146,150): (0,0,0)] - Speed
[(0,35): (0,0,0); (35,36): (51,65,143); (36,150): (0,0,0)] - Speed
[(0,18): (0,0,0); (18,19): (46,88,148); (19,150): (0,0,0)] - Speed
[(0,119): (0,0,0); (119,120): (101,236,42); (120,150): (0,0,0)] - Speed
[(0,120): (0,0,0); (120,121): (30,93,27); (121,150): (0,0,0)] - Speed
[(0,81): (0,0,0); (81,82): (68,143,199); (82,150): (0,0,0)] - Speed
[(0,77): (0,0,0); (77,78): (133,165,119); (78,150): (0,0,0)] - Speed
[(0,0): (0,0,0); (0,1): (78,3,157); (1,150): (0,0,0)] - Speed
[(0,104): (0,0,0); (104,105): (221,240,151); (105,150): (0,0,0)] - Speed
[(0,4): (0,0,0); (4,5): (5,244,146); (5,150): (0,0,0)] - Speed
[(0,31): (0,0,0); (31,32): (211,59,87); (32,150): (0,0,0)] - Speed
[(0,72): (0,0,0); (72,73): (118,173,33); (73,150): (0,0,0)] - Speed
[(0,7): (0,0,0); (7,8): (204,64,191); (8,150): (0,0,0)] - Speed
[(0,10): (0,0,0); (10,11): (225,145,134); (11,150): (0,0,0)] - Speed
[(0,23): (0,0,0); (23,24): (226,86,179); (24,150): (0,0,0)] - Speed
[(0,75): (0,0,0); (75,76): (35,44,131); (76,150): (0,0,0)] - Speed
[(0,101): (0,0,0); (101,102): (123,138,167); (102,150): (0,0,0)] - Speed
[(0,112): (0,0,0); (112,113): (251,22,66); (113,150): (0,0,0)] - Speed
[(0,11): (0,0,0); (11,12): (7,96,47); (12,150): (0,0,0)] - Speed
[(0,37): (0,0,0); (37,38): (147,93,240); (38,150): (0,0,0)] - Speed
[(0,57): (0,0,0); (57,58): (235,38,105); (58,150): (0,0,0)] - Speed
[(0,137): (0,0,0); (137,138): (63,182,185); (138,150): (0,0,0)] - Speed
[(0,82): (0,0,0); (82,83): (183,232,65); (83,150): (0,0,0)] - Speed
[(0,83): (0,0,0); (83,84): (63,93,116); (84,150): (0,0,0)] - Speed
[(0,73): (0,0,0); (73,74): (6,16,96); (74,150): (0,0,0)] - Speed
[(0,52): (0,0,0); (52,53): (47,49,233); (53,150): (0,0,0)] - Speed
[(0,70): (0,0,0); (70,71): (242,99,123); (71,150): (0,0,0)] - Speed
[(0,77): (0,0,0); (77,78): (104,199,82); (78,150): (0,0,0)] - Speed
[(0,77): (0,0,0); (77,78): (214,193,132); (78,150): (0,0,0)] - Speed
[(0,46): (0,0,0); (46,47): (2,105,12); (47,150): (0,0,0)] - Speed
[(0,96): (0,0,0); (96,97): (114,114,167); (97,150): (0,0,0)] - Speed
[(0,38): (0,0,0); (38,39): (84,66,201); (39,150): (0,0,0)] - Speed
[(0,144): (0,0,0); (144,145): (27,8,9); (145,150): (0,0,0)] - Speed
[(0,74): (0,0,0); (74,75): (55,180,102); (75,150): (0,0,0)] - Speed
[(0,81): (0,0,0); (81,82): (86,253,101); (82,150): (0,0,0)] - Speed
[(0,105): (0,0,0); (105,106): (190,93,160); (106,150): (0,0,0)] - Speed
[(0,68): (0,0,0); (68,69): (111,122,64); (69,150): (0,0,0)] - Speed
[(0,92): (0,0,0); (92,93): (120,235,12); (93,150): (0,0,0)] - Speed
[(0,139): (0,0,0); (139,140): (187,213,162); (140,150): (0,0,0)] - Speed
[(0,117): (0,0,0); (117,118): (106,172,225); (118,150): (0,0,0)] - Speed
[(0,132): (0,0,0); (132,133): (241,200,79); (133,150): (0,0,0)] - Speed
[(0,98): (0,0,0); (98,99): (195,162,113); (99,150): (0,0,0)] - Speed
[(0,69): (0,0,0); (69,70): (128,20,237); (70,150): (0,0,0)] - Speed
[(0,62): (0,0,0); (62,63): (77,62,219); (63,150): (0,0,0)] - Speed
[(0,15): (0,0,0); (15,16): (67,100,96); (16,150): (0,0,0)] - Speed
[(0,70): (0,0,0); (70,71): (201,49,241); (71,150): (0,0,0)] - Speed
[(0,2): (0,0,0); (2,3): (218,23,169); (3,150): (0,0,0)] - Speed
[(0,12): (0,0,0); (12,13): (157,171,86); (13,150): (0,0,0)] - Speed
[(0,27): (0,0,0); (27,28): (240,145,170); (28,150): (0,0,0)] - Speed
[(0,30): (0,0,0); (30,31): (160,155,184); (31,150): (0,0,0)] - Speed
[(0,133): (0,0,0); (133,134): (61,128,242); (134,150): (0,0,0)] - Speed
[(0,72): (0,0,0); (72,73): (200,254,113); (73,150): (0,0,0)] - Speed
[(0,130): (0,0,0); (130,131): (184,157,76); (131,150): (0,0,0)] - Speed
[(0,52): (0,0,0); (52,53): (187,24,74); (53,150): (0,0,0)] - Speed
[(0,100): (0,0,0); (100,101): (210,2,46); (101,150): (0,0,0)] - Speed
[(0,94): (0,0,0); (94,95): (242,193,159); (95,150): (0,0,0)] - Speed
[(0,18): (0,0,0); (18,19): (66,19,164); (19,150): (0,0,0)] - Speed
[(0,39): (0,0,0); (39,40): (216,246,221); (40,150): (0,0,0)] - Speed
[(0,25): (0,0,0); (25,26): (233,146,221); (26,150): (0,0,0)] - Speed
[(0,40): (0,0,0); (40,41): (95,166,216); (41,150): (0,0,0)] - Speed
[(0,122): (0,0,0); (122,123): (146,222,11); (123,150): (0,0,0)] - Speed
[(0,0): (0,0,0); (0,1): (240,20,225); (1,150): (0,0,0)] - Speed
[(0,75): (0,0,0); (75,76): (102,103,11); (76,150): (0,0,0)] - Speed
[(0,0): (0,0,0); (0,1): (178,68,111); (1,150): (0,0,0)] - Speed
[(0,124): (0,0,0); (124,125): (59,132,88); (125,150): (0,0,0)] - Speed
[(0,37): (0,0,0); (37,38): (134,127,0); (38,150): (0,0,0)] - Speed
[(0,38): (0,0,0); (38,39): (97,101,213); (39,150): (0,0,0)] - Speed
[(0,48): (0,0,0); (48,49): (117,15,124); (49,150): (0,0,0)] - Speed
[(0,8): (0,0,0); (8,9): (237,232,120); (9,150): (0,0,0)] - Speed
[(0,7): (0,0,0); (7,8): (231,30,118); (8,150): (0,0,0)] - Speed
[(0,7): (0,0,0); (7,8): (80,11,17); (8,150): (0,0,0)] - Speed
[(0,133): (0,0,0); (133,134): (20,101,166); (134,150): (0,0,0)] - Speed
[(0,96): (0,0,0); (96,97): (60,183,155); (97,150): (0,0,0)] - Speed
[(0,75): (0,0,0); (75,76): (249,13,16); (76,150): (0,0,0)] - Speed
[(0,118): (0,0,0); (118,119): (173,191,83); (119,150): (0,0,0)] - Speed
[(0,56): (0,0,0); (56,57): (136,153,28); (57,150): (0,0,0)] - Speed
[(0,42): (0,0,0); (42,43): (145,149,7); (43,150): (0,0,0)] - Speed
[(0,79): (0,0,0); (79,80): (61,89,182); (80,150): (0,0,0)] - Speed
[(0,40): (0,0,0); (40,41): (89,77,201); (41,150): (0,0,0)] - Speed
[(0,105): (0,0,0); (105,106): (133,181,216); (106,150): (0,0,0)] - Speed
[(0,132): (0,0,0); (132,133): (62,238,178); (133,150): (0,0,0)] - Speed
[(0,143): (0,0,0); (143,144): (149,21,236); (144,150): (0,0,0)] - Speed
[(0,22): (0,0,0); (22,23): (247,70,138); (23,150): (0,0,0)] - Speed
[(0,99): (0,0,0); (99,100): (180,186,91); (100,150): (0,0,0)] - Speed
[(0,40): (0,0,0); (40,41): (241,118,56); (41,150): (0,0,0)] - Speed
[(0,109): (0,0,0); (109,110): (30,29,122); (110,150): (0,0,0)] - Speed
[(0,142): (0,0,0); (142,143): (183,95,213); (143,150): (0,0,0)] - Speed
[(0,34): (0,0,0); (34,35): (52,50,107); (35,150): (0,0,0)] - Speed
[(0,30): (0,0,0); (30,31): (78,82,251); (31,150): (0,0,0)] - Speed
[(0,2): (0,0,0); (2,3): (201,115,43); (3,150): (0,0,0)] - Speed
[(0,94): (0,0,0); (94,95): (222,227,89); (95,150): (0,0,0)] - Speed
[(0,4): (0,0,0); (4,5): (2,116,214); (5,150): (0,0,0)] - Speed
[(0,24): (0,0,0); (24,25): (170,103,24); (25,150): (0,0,0)] - Speed
[(0,1): (0,0,0); (1,2): (82,94,239); (2,150): (0,0,0)] - Speed
[(0,105): (0,0,0); (105,106): (154,254,106); (106,150): (0,0,0)] - Speed
[(0,7): (0,0,0); (7,8): (224,249,25); (8,150): (0,0,0)] - Speed
[(0,136): (0,0,0); (136,137): (186,78,179); (137,150): (0,0,0)] - Speed
[(0,59): (0,0,0); (59,60): (89,30,222); (60,150): (0,0,0)] - Speed
[(0,76): (0,0,0); (76,77): (9,188,123); (77,150): (0,0,0)] - Speed
[(0,49): (0,0,0); (49,50): (125,239,139); (50,150): (0,0,0)] - Speed
[(0,148): (0,0,0); (148,149): (118,105,39); (149,150): (0,0,0)] - Speed
[(0,112): (0,0,0); (112,113): (54,19,129); (113,150): (0,0,0)] - Speed
[(0,27): (0,0,0); (27,28): (31,136,48); (28,150): (0,0,0)] - Speed
[(0,117): (0,0,0); (117,118): (225,14,72); (118,150): (0,0,0)] - Speed
[(0,5): (0,0,0); (5,6): (45,182,55); (6,150): (0,0,0)] - Speed
[(0,88): (0,0,0); (88,89): (149,114,187); (89,150): (0,0,0)] - Speed
[(0,77): (0,0,0); (77,78): (107,219,153); (78,150): (0,0,0)] - Speed
[(0,115): (0,0,0); (115,116): (59,235,124); (116,150): (0,0,0)] - Speed
[(0,109): (0,0,0); (109,110): (235,136,195); (110,150): (0,0,0)] - Speed
[(0,63): (0,0,0); (63,64): (0,120,138); (64,150): (0,0,0)] - Speed
[(0,15): (0,0,0); (15,16): (253,174,253); (16,150): (0,0,0)] - Speed
[(0,30): (0,0,0); (30,31): (63,185,189); (31,150): (0,0,0)] - Speed
[(0,116): (0,0,0); (116,117): (81,17,28); (117,150): (0,0,0)] - Speed
[(0,131): (0,0,0); (131,132): (191,219,116); (132,150): (0,0,0)] - Speed
[(0,143): (0,0,0); (143,144): (89,229,86); (144,150): (0,0,0)] - Speed
[(0,111): (0,0,0); (111,112): (0,95,109); (112,150): (0,0,0)] - Speed
[(0,94): (0,0,0); (94,95): (79,104,151); (95,150): (0,0,0)] - Speed
[(0,111): (0,0,0); (111,112): (79,156,17); (112,150): (0,0,0)] - Speed
[(0,44): (0,0,0); (44,45): (223,251,162); (45,150): (0,0,0)] - Speed
[(0,135): (0,0,0); (135,136): (237,184,53); (136,150): (0,0,0)] - Speed
[(0,113): (0,0,0); (113,114): (12,161,184); (114,150): (0,0,0)] - Speed
[(0,130): (0,0,0); (130,131): (26,204,246); (131,150): (0,0,0)] - Speed
[(0,20): (0,0,0); (20,21): (33,235,59); (21,150): (0,0,0)] - Speed
[(0,27): (0,0,0); (27,28): (126,35,54); (28,150): (0,0,0)] - Speed
[(0,25): (0,0,0); (25,26): (112,111,201); (26,150): (0,0,0)] - Speed
[(0,146): (0,0,0); (146,147): (149,247,234); (147,150): (0,0,0)] - Speed
[(0,50): (0,0,0); (50,51): (202,129,101); (51,150): (0,0,0)] - Speed
[(0,125): (0,0,0); (125,126): (131,11,66); (126,150): (0,0,0)] - Speed
[(0,92): (0,0,0); (92,93): (66,58,227); (93,150): (0,0,0)] - Speed
[(0,19): (0,0,0); (19,20): (56,189,254); (20,150): (0,0,0)] - Speed
[(0,55): (0,0,0); (55,56): (80,99,106); (56,150): (0,0,0)] - Speed
[(0,45): (0,0,0); (45,46): (36,250,231); (46,150): (0,0,0)] - Speed
[(0,147): (0,0,0); (147,148): (15,65,10); (148,150): (0,0,0)] - Speed
[(0,115): (0,0,0); (115,116): (21,199,180); (116,150): (0,0,0)] - Speed
[(0,84): (0,0,0); (84,85): (85,132,140); (85,150): (0,0,0)] - Speed
[(0,31): (0,0,0); (31,32): (50,62,206); (32,150): (0,0,0)] - Speed
[(0,135): (0,0,0); (135,136): (60,118,203); (136,150): (0,0,0)] - Speed
[(0,118): (0,0,0); (118,119): (110,174,40); (119,150): (0,0,0)] - Speed
[(0,124): (0,0,0); (124,125): (16,36,75); (125,150): (0,0,0)] - Speed
[(0,114): (0,0,0); (114,115): (171,109,87); (115,150): (0,0,0)] - Speed
[(0,49): (0,0,0); (49,50): (70,232,195); (50,150): (0,0,0)] - Speed
[(0,0): (0,0,0); (0,1): (210,116,232); (1,150): (0,0,0)] - Speed
[(0,58): (0,0,0); (58,59): (246,153,137); (59,150): (0,0,0)] - Speed
[(0,124): (0,0,0); (124,125): (5,194,103); (125,150): (0,0,0)] - Speed
[(0,118): (0,0,0); (118,119): (112,7,5); (119,150): (0,0,0)] - Speed
[(0,11): (0,0,0); (11,12): (101,156,102); (12,150): (0,0,0)] - Speed
[(0,54): (0,0,0); (54,55): (18,136,142); (55,150): (0,0,0)] - Speed
[(0,72): (0,0,0); (72,73): (2,98,192); (73,150): (0,0,0)] - Speed
[(0,127): (0,0,0); (127,128): (107,251,185); (128,150): (0,0,0)] - Speed
[(0,54): (0,0,0); (54,55): (114,30,175); (55,150): (0,0,0)] - Speed
[(0,60): (0,0,0); (60,61): (102,2,135); (61,150): (0,0,0)] - Speed
[(0,140): (0,0,0); (140,141): (82,34,26); (141,150): (0,0,0)] - Speed
[(0,71): (0,0,0); (71,72): (16,9,98); (72,150): (0,0,0)] - Speed
[(0,90): (0,0,0); (90,91): (1,96,82); (91,150): (0,0,0)] - Speed
[(0,94): (0,0,0); (94,95): (54,146,68); (95,150): (0,0,0)] - Speed
[(0,123): (0,0,0); (123,124): (211,43,94); (124,150): (0,0,0)] - Speed
[(0,112): (0,0,0); (112,113): (184,15,46); (113,150): (0,0,0)] - Speed
[(0,9): (0,0,0); (9,10): (21,244,3); (10,150): (0,0,0)] - Speed
[(0,92): (0,0,0); (92,93): (99,79,180); (93,150): (0,0,0)] - Speed
[(0,53): (0,0,0); (53,54): (167,183,243); (54,150): (0,0,0)] - Speed
[(0,22): (0,0,0); (22,23): (250,45,94); (23,150): (0,0,0)] - Speed
[(0,76): (0,0,0); (76,77): (88,207,170); (77,150): (0,0,0)] - Speed
[(0,126): (0,0,0); (126,127): (90,111,221); (127,150): (0,0,0)] - Speed
[(0,149): (0,0,0); (149,150): (238,40,213); (150,150): (0,0,0)] - Speed
[(0,118): (0,0,0); (118,119): (125,6,177); (119,150): (0,0,0)] - Speed
[(0,117): (0,0,0); (117,118): (126,118,238); (118,150): (0,0,0)] - Speed
[(0,35): (0,0,0); (35,36): (55,232,138); (36,150): (0,0,0)] - Speed
[(0,98): (0,0,0); (98,99): (160,107,22); (99,150): (0,0,0)] - Speed
[(0,24): (0,0,0); (24,25): (48,84,232); (25,150): (0,0,0)] - Speed
[(0,110): (0,0,0); (110,111): (172,25,33); (111,150): (0,0,0)] - Speed
[(0,146): (0,0,0); (146,147): (183,135,239); (147,150): (0,0,0)] - Speed
[(0,52): (0,0,0); (52,53): (211,26,67); (53,150): (0,0,0)] - Speed
[(0,15): (0,0,0); (15,16): (24,161,116); (16,150): (0,0,0)] - Speed
[(0,43): (0,0,0); (43,44): (79,125,115); (44,150): (0,0,0)] - Speed
[(0,145): (0,0,0); (145,146): (136,248,165); (146,150): (0,0,0)] - Speed
[(0,148): (0,0,0); (148,149): (193,3,178); (149,150): (0,0,0)] - Speed
[(0,14): (0,0,0); (14,15): (140,217,76); (15,150): (0,0,0)] - Speed
[(0,91): (0,0,0); (91,92): (28,0,104); (92,150): (0,0,0)] - Speed
[(0,34): (0,0,0); (34,35): (175,122,154); (35,150): (0,0,0)] - Speed
[(0,82): (0,0,0); (82,83): (63,99,125); (83,150): (0,0,0)] - Speed
[(0,11): (0,0,0); (11,12): (60,236,114); (12,150): (0,0,0)] - Speed
[(0,44): (0,0,0); (44,45): (199,247,202); (45,150): (0,0,0)] - Speed
[(0,31): (0,0,0); (31,32): (120,186,226); (32,150): (0,0,0)] - Speed
[(0,50): (0,0,0); (50,51): (35,245,221); (51,150): (0,0,0)] - Speed
[(0,4): (0,0,0); (4,5): (186,86,101); (5,150): (0,0,0)] - Speed
[(0,37): (0,0,0); (37,38): (81,42,152); (38,150): (0,0,0)] - Speed
[(0,45): (0,0,0); (45,46): (140,145,102); (46,150): (0,0,0)] - Speed
[(0,31): (0,0,0); (31,32): (162,254,54); (32,150): (0,0,0)] - Speed
[(0,105): (0,0,0); (105,106): (241,52,116); (106,150): (0,0,0)] - Speed
[(0,140): (0,0,0); (140,141): (17,108,239); (141,150): (0,0,0)] - Speed
[(0,128): (0,0,0); (128,129): (12,152,184); (129,150): (0,0,0)] - Speed
[(0,40): (0,0,0); (40,41): (66,69,71); (41,150): (0,0,0)] - Speed
[(0,88): (0,0,0); (88,89): (33,144,164); (89,150): (0,0,0)] - Speed
[(0,119): (0,0,0); (119,120): (196,206,230); (120,150): (0,0,0)] - Speed
[(0,79): (0,0,0); (79,80): (247,35,189); (80,150): (0,0,0)] - Speed
[(0,83): (0,0,0); (83,84): (113,9,10); (84,150): (0,0,0)] - Speed
[(0,108): (0,0,0); (108,109): (98,232,23); (109,150): (0,0,0)] - Speed
[(0,121): (0,0,0); (121,122): (71,94,7); (122,150): (0,0,0)] - Speed
[(0,99): (0,0,0); (99,100): (204,38,205); (100,150): (0,0,0)] - Speed
[(0,7): (0,0,0); (7,8): (138,131,236); (8,150): (0,0,0)] - Speed
[(0,91): (0,0,0); (91,92): (72,43,39); (92,150): (0,0,0)] - Speed
[(0,42): (0,0,0); (42,43): (41,170,200); (43,150): (0,0,0)] - Speed
[(0,81): (0,0,0); (81,82): (205,35,29); (82,150): (0,0,0)] - Speed
[(0,92): (0,0,0); (92,93): (39,23,148); (93,150): (0,0,0)] - Speed
[(0,89): (0,0,0); (89,90): (75,164,251); (90,150): (0,0,0)] - Speed
[(0,81): (0,0,0); (81,82): (77,101,160); (82,150): (0,0,0)] - Speed
[(0,127): (0,0,0); (127,128): (84,132,90); (128,150): (0,0,0)] - Speed
[(0,130): (0,0,0); (130,131): (190,119,67); (131,150): (0,0,0)] - Speed
[(0,146): (0,0,0); (146,147): (144,196,23); (147,150): (0,0,0)] - Speed
[(0,55): (0,0,0); (55,56): (211,70,161); (56,150): (0,0,0)] - Speed
[(0,87): (0,0,0); (87,88): (249,156,212); (88,150): (0,0,0)] - Speed
[(0,130): (0,0,0); (130,131): (82,43,151); (131,150): (0,0,0)] - Speed
[(0,115): (0,0,0); (115,116): (219,178,123); (116,150): (0,0,0)] - Speed
[(0,138): (0,0,0); (138,139): (245,244,104); (139,150): (0,0,0)] - Speed
[(0,121): (0,0,0); (121,122): (245,210,146); (122,150): (0,0,0)] - Speed
[(0,79): (0,0,0); (79,80): (70,93,59); (80,150): (0,0,0)] - Speed
[(0,29): (0,0,0); (29,30): (116,126,248); (30,150): (0,0,0)] - Speed
[(0,139): (0,0,0); (139,140): (34,97,50); (140,150): (0,0,0)] - Speed
[(0,106): (0,0,0); (106,107): (53,3,130); (107,150): (0,0,0)] - Speed
[(0,48): (0,0,0); (48,49): (12,212,182); (49,150): (0,0,0)] - Speed
[(0,85): (0,0,0); (85,86): (63,168,20); (86,150): (0,0,0)] - Speed
[(0,90): (0,0,0); (90,91): (184,247,13); (91,150): (0,0,0)] - Speed
[(0,41): (0,0,0); (41,42): (80,111,160); (42,150): (0,0,0)] - Speed
[(0,67): (0,0,0); (67,68): (18,30,8); (68,150): (0,0,0)] - Speed
[(0,112): (0,0,0); (112,113): (1,174,86); (113,150): (0,0,0)] - Speed
[(0,78): (0,0,0); (78,79): (214,74,105); (79,150): (0,0,0)] - Speed
[(0,0): (0,0,0); (0,1): (37,208,183); (1,150): (0,0,0)] - Speed
[(0,98): (0,0,0); (98,99): (32,4,153); (99,150): (0,0,0)] - Speed
[(0,17): (0,0,0); (17,18): (110,246,129); (18,150): (0,0,0)] - Speed
[(0,148): (0,0,0); (148,149): (114,188,187); (149,150): (0,0,0)] - Speed
[(0,45): (0,0,0); (45,46): (167,10,210); (46,150): (0,0,0)] - Speed
[(0,46): (0,0,0); (46,47): (157,191,75); (47,150): (0,0,0)] - Speed
[(0,110): (0,0,0); (110,111): (21,138,97); (111,150): (0,0,0)] - Speed
[(0,122): (0,0,0); (122,123): (9,92,232); (123,150): (0,0,0)] - Speed
[(0,135): (0,0,0); (135,136): (207,237,68); (136,150): (0,0,0)] - Speed
[(0,121): (0,0,0); (121,122): (76,71,193); (122,150): (0,0,0)] - Speed
[(0,74): (0,0,0); (74,75): (185,172,15); (75,150): (0,0,0)] - Speed
[(0,142): (0,0,0); (142,143): (36,219,204); (143,150): (0,0,0)] - Speed
[(0,125): (0,0,0); (125,126): (159,120,105); (126,150): (0,0,0)] - Speed
[(0,135): (0,0,0); (135,136): (160,54,9); (136,150): (0,0,0)] - Speed
[(0,48): (0,0,0); (48,49): (129,73,74); (49,150): (0,0,0)] - Speed
[(0,131): (0,0,0); (131,132): (179,31,236); (132,150): (0,0,0)] - Speed
[(0,13): (0,0,0); (13,14): (243,215,67); (14,150): (0,0,0)] - Speed
[(0,102): (0,0,0); (102,103): (173,194,168); (103,150): (0,0,0)] - Speed
[(0,133): (0,0,0); (133,134): (173,75,156); (134,150): (0,0,0)] - Speed
[(0,6): (0,0,0); (6,7): (7,81,173); (7,150): (0,0,0)] - Speed
[(0,11): (0,0,0); (11,12): (70,243,208); (12,150): (0,0,0)] - Speed
[(0,135): (0,0,0); (135,136): (90,25,217); (136,150): (0,0,0)] - Speed
[(0,128): (0,0,0); (128,129): (15,69,81); (129,150): (0,0,0)] - Speed
[(0,2): (0,0,0); (2,3): (108,146,105); (3,150): (0,0,0)] - Speed
[(0,90): (0,0,0); (90,91): (132,123,187); (91,150): (0,0,0)] - Speed
[(0,4): (0,0,0); (4,5): (224,77,152); (5,150): (0,0,0)] - Speed
[(0,1): (0,0,0); (1,2): (80,150,210); (2,150): (0,0,0)] - Speed
[(0,29): (0,0,0); (29,30): (134,179,152); (30,150): (0,0,0)] - Speed
[(0,42): (0,0,0); (42,43): (170,126,16); (43,150): (0,0,0)] - Speed
[(0,53): (0,0,0); (53,54): (107,72,58); (54,150): (0,0,0)] - Speed
[(0,116): (0,0,0); (116,117): (169,145,216); (117,150): (0,0,0)] - Speed
[(0,126): (0,0,0); (126,127): (38,89,227); (127,150): (0,0,0)] - Speed
[(0,101): (0,0,0); (101,102): (125,53,88); (102,150): (0,0,0)] - Speed
[(0,84): (0,0,0); (84,85): (142,202,117); (85,150): (0,0,0)] - Speed
[(0,33): (0,0,0); (33,34): (194,172,224); (34,150): (0,0,0)] - Speed
[(0,83): (0,0,0); (83,84): (253,254,84); (84,150): (0,0,0)] - Speed
[(0,89): (0,0,0); (89,90): (192,193,119); (90,150): (0,0,0)] - Speed
[(0,82): (0,0,0); (82,83): (187,156,173); (83,150): (0,0,0)] - Speed
[(0,96): (0,0,0); (96,97): (199,99,143); (97,150): (0,0,0)] - Speed
[(0,109): (0,0,0); (109,110): (238,225,135); (110,150): (0,0,0)] - Speed
[(0,85): (0,0,0); (85,86): (39,9,99); (86,150): (0,0,0)] - Speed
[(0,61): (0,0,0); (61,62): (173,57,106); (62,150): (0,0,0)] - Speed
[(0,75): (0,0,0); (75,76): (172,92,98); (76,150): (0,0,0)] - Speed
[(0,29): (0,0,0); (29,30): (118,179,196); (30,150): (0,0,0)] - Speed
[(0,16): (0,0,0); (16,17): (50,107,33); (17,150): (0,0,0)] - Speed
[(0,45): (0,0,0); (45,46): (182,158,63); (46,150): (0,0,0)] - Speed
[(0,147): (0,0,0); (147,148): (164,224,44); (148,150): (0,0,0)] - Speed
[(0,86): (0,0,0); (86,87): (147,160,193); (87,150): (0,0,0)] - Speed
